GEN,	MIN,			AVE,			MAX,
  0,		2.9513e-05,		3.4240e-05,		4.1892e-05
  1,		3.4039e-05,		3.5688e-05,		4.2478e-05
  2,		3.5023e-05,		3.6375e-05,		4.2482e-05
  3,		3.5661e-05,		3.6927e-05,		4.2620e-05
  4,		3.6205e-05,		3.7387e-05,		4.2961e-05
  5,		3.6643e-05,		3.7801e-05,		4.3681e-05
  6,		3.7021e-05,		3.8128e-05,		4.4044e-05
  7,		3.7357e-05,		3.8431e-05,		4.4044e-05
  8,		3.7655e-05,		3.8697e-05,		4.4738e-05
  9,		3.7920e-05,		3.8978e-05,		4.4738e-05
 10,		3.8189e-05,		3.9234e-05,		4.4904e-05
 11,		3.8409e-05,		3.9459e-05,		4.4904e-05
 12,		3.8630e-05,		3.9695e-05,		4.5240e-05
 13,		3.8842e-05,		3.9926e-05,		4.5476e-05
 14,		3.9048e-05,		4.0130e-05,		4.5476e-05
 15,		3.9250e-05,		4.0343e-05,		4.5635e-05
 16,		3.9446e-05,		4.0558e-05,		4.5635e-05
 17,		3.9653e-05,		4.0756e-05,		4.5983e-05
 18,		3.9832e-05,		4.0915e-05,		4.5983e-05
 19,		4.0007e-05,		4.1088e-05,		4.5983e-05
 20,		3.8634e-05,		3.9869e-05,		4.5983e-05
 21,		3.9017e-05,		4.0169e-05,		4.6144e-05
 22,		3.9310e-05,		4.0422e-05,		4.6335e-05
 23,		3.9539e-05,		4.0633e-05,		4.6335e-05
 24,		3.9780e-05,		4.0852e-05,		4.6335e-05
 25,		3.9978e-05,		4.1052e-05,		4.6948e-05
 26,		4.0161e-05,		4.1228e-05,		4.7060e-05
 27,		4.0336e-05,		4.1381e-05,		4.7060e-05
 28,		4.0491e-05,		4.1539e-05,		4.7060e-05
 29,		4.0618e-05,		4.1674e-05,		4.7120e-05
 30,		4.0764e-05,		4.1819e-05,		4.7624e-05
 31,		4.0907e-05,		4.1965e-05,		4.7624e-05
 32,		4.1051e-05,		4.2116e-05,		4.7624e-05
 33,		4.1186e-05,		4.2265e-05,		4.7911e-05
 34,		4.1315e-05,		4.2406e-05,		4.7982e-05
 35,		4.1438e-05,		4.2533e-05,		4.8570e-05
 36,		4.1564e-05,		4.2650e-05,		4.8570e-05
 37,		4.1688e-05,		4.2769e-05,		4.9066e-05
 38,		4.1825e-05,		4.2908e-05,		4.9066e-05
 39,		4.1953e-05,		4.3028e-05,		4.9066e-05
 40,		4.2047e-05,		4.3130e-05,		4.9066e-05
 41,		4.2151e-05,		4.3233e-05,		4.9066e-05
 42,		4.2271e-05,		4.3319e-05,		4.9066e-05
 43,		4.2373e-05,		4.3418e-05,		4.9066e-05
 44,		4.2464e-05,		4.3507e-05,		4.9066e-05
 45,		4.2558e-05,		4.3602e-05,		4.9066e-05
 46,		4.2659e-05,		4.3700e-05,		4.9066e-05
 47,		4.2746e-05,		4.3780e-05,		4.9066e-05
 48,		4.2820e-05,		4.3857e-05,		4.9066e-05
 49,		4.2909e-05,		4.3938e-05,		4.9389e-05
 50,		4.3002e-05,		4.4023e-05,		4.9667e-05
 51,		4.3089e-05,		4.4106e-05,		4.9667e-05
 52,		4.3155e-05,		4.4174e-05,		4.9667e-05
 53,		4.3222e-05,		4.4250e-05,		4.9667e-05
 54,		4.3301e-05,		4.4324e-05,		4.9747e-05
 55,		4.3387e-05,		4.4407e-05,		4.9747e-05
 56,		4.1414e-05,		4.2586e-05,		4.9747e-05
 57,		4.1715e-05,		4.2830e-05,		4.9747e-05
 58,		4.1938e-05,		4.3020e-05,		4.9747e-05
 59,		4.2111e-05,		4.3182e-05,		4.9747e-05
 60,		4.2280e-05,		4.3324e-05,		4.9747e-05
 61,		4.2422e-05,		4.3469e-05,		4.9747e-05
 62,		4.2571e-05,		4.3615e-05,		4.9747e-05
 63,		4.2698e-05,		4.3753e-05,		4.9747e-05
 64,		4.2824e-05,		4.3867e-05,		4.9747e-05
 65,		4.2930e-05,		4.3978e-05,		4.9747e-05
 66,		4.3033e-05,		4.4076e-05,		4.9747e-05
 67,		4.3135e-05,		4.4171e-05,		4.9747e-05
 68,		4.3244e-05,		4.4266e-05,		4.9747e-05
 69,		4.3346e-05,		4.4378e-05,		4.9747e-05
 70,		4.3446e-05,		4.4475e-05,		4.9747e-05
 71,		4.3521e-05,		4.4558e-05,		4.9747e-05
 72,		4.0852e-05,		4.2019e-05,		4.9747e-05
 73,		4.1148e-05,		4.2263e-05,		4.9747e-05
 74,		4.1393e-05,		4.2461e-05,		4.9747e-05
 75,		4.1581e-05,		4.2643e-05,		4.9747e-05
 76,		4.1756e-05,		4.2793e-05,		4.9920e-05
 77,		4.1907e-05,		4.2950e-05,		4.9920e-05
 78,		4.2063e-05,		4.3100e-05,		4.9920e-05
 79,		4.2191e-05,		4.3229e-05,		4.9920e-05
 80,		4.2325e-05,		4.3360e-05,		4.9920e-05
 81,		4.2434e-05,		4.3494e-05,		5.0727e-05
 82,		4.2558e-05,		4.3606e-05,		5.0727e-05
 83,		4.2676e-05,		4.3715e-05,		5.0727e-05
 84,		4.2787e-05,		4.3825e-05,		5.0727e-05
 85,		4.2891e-05,		4.3928e-05,		5.0727e-05
 86,		4.3006e-05,		4.4034e-05,		5.0727e-05
 87,		4.3100e-05,		4.4136e-05,		5.0727e-05
 88,		4.3183e-05,		4.4205e-05,		5.0727e-05
 89,		4.3262e-05,		4.4294e-05,		5.0727e-05
 90,		4.3346e-05,		4.4374e-05,		5.0727e-05
 91,		4.3427e-05,		4.4462e-05,		5.0762e-05
 92,		4.3518e-05,		4.4560e-05,		5.0762e-05
 93,		4.3629e-05,		4.4652e-05,		5.0762e-05
 94,		4.3705e-05,		4.4728e-05,		5.1020e-05
 95,		4.3775e-05,		4.4808e-05,		5.1288e-05
 96,		4.3864e-05,		4.4902e-05,		5.1288e-05
 97,		4.0885e-05,		4.2071e-05,		5.1288e-05
 98,		4.1197e-05,		4.2305e-05,		5.1288e-05
 99,		4.1428e-05,		4.2496e-05,		5.1288e-05
100,		4.1609e-05,		4.2673e-05,		5.1288e-05
101,		4.1792e-05,		4.2844e-05,		5.1288e-05
102,		4.1947e-05,		4.2999e-05,		5.1288e-05
103,		4.2064e-05,		4.3137e-05,		5.1288e-05
104,		4.2225e-05,		4.3297e-05,		5.1288e-05
105,		4.2350e-05,		4.3430e-05,		5.1288e-05
106,		4.2474e-05,		4.3538e-05,		5.1288e-05
107,		4.2607e-05,		4.3667e-05,		5.1288e-05
108,		4.2724e-05,		4.3794e-05,		5.1288e-05
109,		4.2839e-05,		4.3906e-05,		5.1288e-05
110,		4.2958e-05,		4.4005e-05,		5.1288e-05
111,		4.3054e-05,		4.4099e-05,		5.1288e-05
112,		4.3149e-05,		4.4196e-05,		5.1288e-05
113,		4.3233e-05,		4.4296e-05,		5.1288e-05
114,		4.3325e-05,		4.4390e-05,		5.1288e-05
115,		4.3432e-05,		4.4499e-05,		5.1288e-05
116,		4.3517e-05,		4.4578e-05,		5.1288e-05
117,		4.3610e-05,		4.4661e-05,		5.1288e-05
118,		4.3698e-05,		4.4735e-05,		5.1288e-05
119,		4.3791e-05,		4.4824e-05,		5.1288e-05
120,		4.3877e-05,		4.4891e-05,		5.1288e-05
121,		4.3951e-05,		4.4976e-05,		5.1288e-05
122,		4.4029e-05,		4.5060e-05,		5.1288e-05
123,		4.4113e-05,		4.5144e-05,		5.1288e-05
124,		4.4196e-05,		4.5220e-05,		5.1288e-05
125,		4.4272e-05,		4.5284e-05,		5.1288e-05
126,		4.4343e-05,		4.5361e-05,		5.1288e-05
127,		4.4407e-05,		4.5431e-05,		5.1288e-05
128,		4.4477e-05,		4.5522e-05,		5.1288e-05
129,		4.4555e-05,		4.5591e-05,		5.1288e-05
130,		4.4623e-05,		4.5669e-05,		5.1288e-05
131,		4.4698e-05,		4.5734e-05,		5.1288e-05
132,		4.4778e-05,		4.5818e-05,		5.1330e-05
133,		4.4837e-05,		4.5872e-05,		5.1330e-05
134,		4.4904e-05,		4.5940e-05,		5.1330e-05
135,		4.4959e-05,		4.5997e-05,		5.1330e-05
136,		4.2207e-05,		4.3439e-05,		5.1330e-05
137,		4.2505e-05,		4.3647e-05,		5.1330e-05
138,		4.2735e-05,		4.3833e-05,		5.1330e-05
139,		4.2917e-05,		4.4005e-05,		5.1330e-05
140,		4.3092e-05,		4.4147e-05,		5.1330e-05
141,		3.9788e-05,		4.0987e-05,		5.1330e-05
142,		4.0148e-05,		4.1280e-05,		5.1330e-05
143,		4.0427e-05,		4.1530e-05,		5.1330e-05
144,		4.0643e-05,		4.1762e-05,		5.2029e-05
145,		4.0839e-05,		4.1956e-05,		5.2029e-05
146,		4.1038e-05,		4.2139e-05,		5.2029e-05
147,		4.1214e-05,		4.2304e-05,		5.2029e-05
148,		4.1389e-05,		4.2473e-05,		5.2029e-05
149,		4.1549e-05,		4.2639e-05,		5.2029e-05
150,		4.1687e-05,		4.2790e-05,		5.2029e-05
151,		4.1852e-05,		4.2949e-05,		5.2029e-05
152,		4.1979e-05,		4.3085e-05,		5.2029e-05
153,		4.2095e-05,		4.3190e-05,		5.2029e-05
154,		4.2245e-05,		4.3331e-05,		5.2029e-05
155,		4.2365e-05,		4.3441e-05,		5.2029e-05
156,		4.2483e-05,		4.3559e-05,		5.2029e-05
157,		4.2597e-05,		4.3653e-05,		5.2029e-05
158,		4.2691e-05,		4.3751e-05,		5.2029e-05
159,		4.2785e-05,		4.3854e-05,		5.2029e-05
160,		4.2882e-05,		4.3956e-05,		5.2029e-05
161,		4.2998e-05,		4.4074e-05,		5.2029e-05
162,		4.3095e-05,		4.4175e-05,		5.2029e-05
163,		4.3204e-05,		4.4287e-05,		5.2029e-05
164,		4.3309e-05,		4.4375e-05,		5.2029e-05
165,		4.3385e-05,		4.4456e-05,		5.2029e-05
166,		4.3491e-05,		4.4548e-05,		5.2029e-05
167,		4.3564e-05,		4.4630e-05,		5.2029e-05
168,		4.3668e-05,		4.4716e-05,		5.2029e-05
169,		4.3750e-05,		4.4796e-05,		5.2264e-05
170,		4.3813e-05,		4.4867e-05,		5.2303e-05
171,		4.3889e-05,		4.4951e-05,		5.2303e-05
172,		4.3965e-05,		4.5027e-05,		5.2303e-05
173,		4.4043e-05,		4.5099e-05,		5.2342e-05
174,		4.4102e-05,		4.5166e-05,		5.2342e-05
175,		4.4177e-05,		4.5238e-05,		5.2342e-05
176,		4.4258e-05,		4.5308e-05,		5.2342e-05
177,		4.4319e-05,		4.5364e-05,		5.2342e-05
178,		4.4384e-05,		4.5437e-05,		5.2342e-05
179,		4.4447e-05,		4.5494e-05,		5.2342e-05
180,		4.4515e-05,		4.5560e-05,		5.2342e-05
181,		4.4585e-05,		4.5630e-05,		5.2436e-05
182,		4.4663e-05,		4.5688e-05,		5.2436e-05
183,		4.4729e-05,		4.5761e-05,		5.2436e-05
184,		4.4789e-05,		4.5834e-05,		5.2436e-05
185,		4.4840e-05,		4.5900e-05,		5.2436e-05
186,		4.4919e-05,		4.5965e-05,		5.2436e-05
187,		4.4981e-05,		4.6032e-05,		5.2436e-05
188,		4.5050e-05,		4.6092e-05,		5.2436e-05
189,		4.5100e-05,		4.6146e-05,		5.2436e-05
190,		4.5164e-05,		4.6213e-05,		5.2436e-05
191,		4.5222e-05,		4.6274e-05,		5.2436e-05
192,		4.5295e-05,		4.6340e-05,		5.2436e-05
193,		4.5351e-05,		4.6403e-05,		5.2436e-05
194,		4.5422e-05,		4.6481e-05,		5.2436e-05
195,		4.5469e-05,		4.6523e-05,		5.2436e-05
196,		4.5532e-05,		4.6590e-05,		5.2436e-05
197,		4.5585e-05,		4.6643e-05,		5.2436e-05
198,		4.5637e-05,		4.6699e-05,		5.2436e-05
199,		4.5691e-05,		4.6756e-05,		5.3085e-05
200,		4.5745e-05,		4.6809e-05,		5.3085e-05
201,		4.5791e-05,		4.6861e-05,		5.3099e-05
202,		4.5852e-05,		4.6926e-05,		5.3099e-05
203,		4.5891e-05,		4.6961e-05,		5.3099e-05
204,		4.5946e-05,		4.7019e-05,		5.3998e-05
205,		4.6005e-05,		4.7079e-05,		5.3998e-05
206,		4.6065e-05,		4.7122e-05,		5.3998e-05
207,		4.6129e-05,		4.7177e-05,		5.3998e-05
208,		4.6181e-05,		4.7225e-05,		5.3998e-05
209,		4.6232e-05,		4.7271e-05,		5.3998e-05
210,		4.6289e-05,		4.7331e-05,		5.3998e-05
211,		4.6344e-05,		4.7395e-05,		5.3998e-05
212,		4.6378e-05,		4.7431e-05,		5.3998e-05
213,		4.6421e-05,		4.7476e-05,		5.4083e-05
214,		4.6478e-05,		4.7546e-05,		5.4083e-05
215,		4.6521e-05,		4.7599e-05,		5.4083e-05
216,		4.6578e-05,		4.7646e-05,		5.4083e-05
217,		4.6622e-05,		4.7688e-05,		5.4212e-05
218,		4.6655e-05,		4.7718e-05,		5.4212e-05
219,		4.6703e-05,		4.7761e-05,		5.4212e-05
220,		4.6748e-05,		4.7808e-05,		5.4212e-05
221,		4.6790e-05,		4.7845e-05,		5.4212e-05
222,		4.6840e-05,		4.7894e-05,		5.4212e-05
223,		4.6889e-05,		4.7935e-05,		5.4212e-05
224,		4.6929e-05,		4.7978e-05,		5.4212e-05
225,		4.6974e-05,		4.8027e-05,		5.4212e-05
226,		4.7013e-05,		4.8073e-05,		5.4212e-05
227,		4.7044e-05,		4.8111e-05,		5.4212e-05
228,		4.7088e-05,		4.8146e-05,		5.4259e-05
229,		4.7125e-05,		4.8189e-05,		5.4259e-05
230,		4.7167e-05,		4.8225e-05,		5.4259e-05
231,		4.7201e-05,		4.8263e-05,		5.4259e-05
232,		4.7249e-05,		4.8313e-05,		5.4259e-05
233,		4.7285e-05,		4.8358e-05,		5.4259e-05
234,		4.7341e-05,		4.8405e-05,		5.4259e-05
235,		4.7386e-05,		4.8453e-05,		5.4259e-05
236,		4.7428e-05,		4.8497e-05,		5.4259e-05
237,		4.7463e-05,		4.8532e-05,		5.4259e-05
238,		4.7505e-05,		4.8568e-05,		5.4259e-05
239,		4.4026e-05,		4.5248e-05,		5.4259e-05
240,		4.4302e-05,		4.5471e-05,		5.4259e-05
241,		4.4502e-05,		4.5631e-05,		5.4259e-05
242,		4.4643e-05,		4.5779e-05,		5.4259e-05
243,		4.4785e-05,		4.5908e-05,		5.4259e-05
244,		4.4905e-05,		4.6037e-05,		5.4259e-05
245,		4.5030e-05,		4.6152e-05,		5.4259e-05
246,		4.5171e-05,		4.6270e-05,		5.4259e-05
247,		4.5280e-05,		4.6371e-05,		5.4259e-05
248,		4.5372e-05,		4.6472e-05,		5.4259e-05
249,		4.5475e-05,		4.6555e-05,		5.4259e-05
250,		4.5571e-05,		4.6642e-05,		5.4259e-05
251,		4.5661e-05,		4.6726e-05,		5.4259e-05
252,		4.5755e-05,		4.6800e-05,		5.4259e-05
253,		4.5822e-05,		4.6876e-05,		5.4318e-05
254,		4.5892e-05,		4.6949e-05,		5.4318e-05
255,		4.5959e-05,		4.7013e-05,		5.4318e-05
256,		4.6026e-05,		4.7085e-05,		5.4318e-05
257,		4.6098e-05,		4.7158e-05,		5.4318e-05
258,		4.6178e-05,		4.7235e-05,		5.4318e-05
259,		4.6251e-05,		4.7300e-05,		5.4318e-05
260,		4.6309e-05,		4.7351e-05,		5.4318e-05
261,		4.6369e-05,		4.7412e-05,		5.4318e-05
262,		4.6423e-05,		4.7466e-05,		5.4318e-05
263,		4.6474e-05,		4.7511e-05,		5.4318e-05
264,		4.2598e-05,		4.3812e-05,		5.4318e-05
265,		4.2845e-05,		4.4004e-05,		5.4318e-05
266,		4.3052e-05,		4.4193e-05,		5.4318e-05
267,		4.3246e-05,		4.4337e-05,		5.4318e-05
268,		4.3393e-05,		4.4484e-05,		5.4318e-05
269,		4.3514e-05,		4.4610e-05,		5.4318e-05
270,		4.3640e-05,		4.4721e-05,		5.4318e-05
271,		4.3752e-05,		4.4833e-05,		5.4318e-05
272,		4.3857e-05,		4.4933e-05,		5.4318e-05
273,		4.3960e-05,		4.5043e-05,		5.4318e-05
274,		4.4051e-05,		4.5126e-05,		5.4318e-05
275,		4.4156e-05,		4.5241e-05,		5.4318e-05
276,		4.4249e-05,		4.5335e-05,		5.4318e-05
277,		4.4346e-05,		4.5431e-05,		5.4318e-05
278,		4.4445e-05,		4.5525e-05,		5.4318e-05
279,		4.4548e-05,		4.5606e-05,		5.4318e-05
280,		4.4644e-05,		4.5688e-05,		5.4318e-05
281,		4.4722e-05,		4.5760e-05,		5.4318e-05
282,		4.4802e-05,		4.5850e-05,		5.4318e-05
283,		4.4877e-05,		4.5925e-05,		5.4318e-05
284,		4.4947e-05,		4.5998e-05,		5.4318e-05
285,		4.5021e-05,		4.6065e-05,		5.4318e-05
286,		4.5102e-05,		4.6146e-05,		5.5556e-05
287,		4.1584e-05,		4.2783e-05,		5.5556e-05
288,		4.1877e-05,		4.3019e-05,		5.5556e-05
289,		4.2086e-05,		4.3193e-05,		5.5556e-05
290,		4.2276e-05,		4.3377e-05,		5.5556e-05
291,		4.2440e-05,		4.3534e-05,		5.5556e-05
292,		4.2604e-05,		4.3691e-05,		5.5556e-05
293,		4.2750e-05,		4.3822e-05,		5.5556e-05
294,		4.2881e-05,		4.3948e-05,		5.5556e-05
295,		4.2989e-05,		4.4070e-05,		5.5556e-05
296,		4.3122e-05,		4.4196e-05,		5.5556e-05
297,		4.3226e-05,		4.4291e-05,		5.5556e-05
298,		4.3331e-05,		4.4394e-05,		5.5556e-05
299,		4.3456e-05,		4.4505e-05,		5.5556e-05
300,		4.3555e-05,		4.4613e-05,		5.5556e-05
301,		4.3652e-05,		4.4712e-05,		5.5556e-05
302,		4.3750e-05,		4.4818e-05,		5.5556e-05
303,		4.3845e-05,		4.4924e-05,		5.5556e-05
304,		4.3929e-05,		4.5024e-05,		5.5556e-05
305,		4.4023e-05,		4.5116e-05,		5.5556e-05
306,		4.4110e-05,		4.5205e-05,		5.5556e-05
307,		4.4199e-05,		4.5298e-05,		5.5556e-05
308,		4.4275e-05,		4.5384e-05,		5.5556e-05
309,		4.4358e-05,		4.5471e-05,		5.5556e-05
310,		4.4446e-05,		4.5544e-05,		5.5556e-05
311,		4.4507e-05,		4.5603e-05,		5.5556e-05
312,		4.4579e-05,		4.5675e-05,		5.5556e-05
313,		4.4657e-05,		4.5756e-05,		5.5556e-05
314,		4.4748e-05,		4.5828e-05,		5.5556e-05
315,		4.4826e-05,		4.5897e-05,		5.5556e-05
316,		4.4888e-05,		4.5961e-05,		5.5556e-05
317,		4.4958e-05,		4.6031e-05,		5.5556e-05
318,		4.5031e-05,		4.6105e-05,		5.5556e-05
319,		4.5115e-05,		4.6173e-05,		5.5556e-05
320,		4.5189e-05,		4.6234e-05,		5.5556e-05
321,		4.5258e-05,		4.6306e-05,		5.5556e-05
322,		4.5323e-05,		4.6379e-05,		5.5556e-05
323,		4.5396e-05,		4.6439e-05,		5.5556e-05
324,		4.5454e-05,		4.6502e-05,		5.5556e-05
325,		4.5512e-05,		4.6562e-05,		5.5556e-05
326,		4.5559e-05,		4.6611e-05,		5.5556e-05
327,		4.5621e-05,		4.6676e-05,		5.5556e-05
328,		4.5677e-05,		4.6726e-05,		5.5556e-05
329,		4.5733e-05,		4.6785e-05,		5.5556e-05
330,		4.5786e-05,		4.6845e-05,		5.5556e-05
331,		4.5845e-05,		4.6910e-05,		5.5556e-05
332,		4.5905e-05,		4.6978e-05,		5.5556e-05
333,		4.5968e-05,		4.7035e-05,		5.5556e-05
334,		4.6026e-05,		4.7079e-05,		5.5556e-05
335,		4.6071e-05,		4.7122e-05,		5.5556e-05
336,		4.6117e-05,		4.7168e-05,		5.5790e-05
337,		4.6160e-05,		4.7205e-05,		5.5790e-05
338,		4.6204e-05,		4.7260e-05,		5.5790e-05
339,		4.6244e-05,		4.7302e-05,		5.5790e-05
340,		4.6304e-05,		4.7352e-05,		5.5790e-05
341,		4.6353e-05,		4.7396e-05,		5.5790e-05
342,		4.6393e-05,		4.7433e-05,		5.5790e-05
343,		4.6438e-05,		4.7488e-05,		5.5790e-05
344,		4.6492e-05,		4.7544e-05,		5.5790e-05
345,		4.6538e-05,		4.7582e-05,		5.5790e-05
346,		4.6577e-05,		4.7632e-05,		5.6052e-05
347,		4.6633e-05,		4.7683e-05,		5.6052e-05
348,		4.6675e-05,		4.7731e-05,		5.6052e-05
349,		4.6724e-05,		4.7771e-05,		5.6052e-05
350,		4.6772e-05,		4.7822e-05,		5.6052e-05
351,		4.6830e-05,		4.7869e-05,		5.6052e-05
352,		4.6874e-05,		4.7915e-05,		5.6052e-05
353,		4.6915e-05,		4.7958e-05,		5.6052e-05
354,		4.6961e-05,		4.8005e-05,		5.6052e-05
355,		4.7003e-05,		4.8048e-05,		5.6052e-05
356,		4.7037e-05,		4.8090e-05,		5.6052e-05
357,		4.7078e-05,		4.8139e-05,		5.6052e-05
358,		4.7109e-05,		4.8183e-05,		5.6052e-05
359,		4.7151e-05,		4.8223e-05,		5.6052e-05
360,		4.7191e-05,		4.8255e-05,		5.6052e-05
361,		4.7241e-05,		4.8302e-05,		5.6052e-05
362,		4.7269e-05,		4.8329e-05,		5.6052e-05
363,		4.7313e-05,		4.8372e-05,		5.6052e-05
364,		4.7356e-05,		4.8409e-05,		5.6052e-05
365,		4.7391e-05,		4.8439e-05,		5.6052e-05
366,		4.7433e-05,		4.8465e-05,		5.6052e-05
367,		4.7475e-05,		4.8504e-05,		5.6052e-05
368,		4.7508e-05,		4.8535e-05,		5.6052e-05
369,		4.7549e-05,		4.8576e-05,		5.6052e-05
370,		4.7584e-05,		4.8609e-05,		5.6052e-05
371,		4.7623e-05,		4.8652e-05,		5.6052e-05
372,		4.7665e-05,		4.8687e-05,		5.6052e-05
373,		4.7693e-05,		4.8715e-05,		5.6052e-05
374,		4.7727e-05,		4.8740e-05,		5.6052e-05
375,		4.7759e-05,		4.8786e-05,		5.6052e-05
376,		4.7787e-05,		4.8820e-05,		5.6052e-05
377,		4.7828e-05,		4.8861e-05,		5.6052e-05
378,		4.7875e-05,		4.8894e-05,		5.6052e-05
379,		4.7903e-05,		4.8920e-05,		5.6052e-05
380,		4.7934e-05,		4.8956e-05,		5.6052e-05
381,		4.7962e-05,		4.8990e-05,		5.6052e-05
382,		4.7996e-05,		4.9029e-05,		5.6052e-05
383,		4.8018e-05,		4.9045e-05,		5.6052e-05
384,		4.8053e-05,		4.9079e-05,		5.6052e-05
385,		4.8099e-05,		4.9121e-05,		5.6052e-05
386,		4.8131e-05,		4.9151e-05,		5.6052e-05
387,		4.8175e-05,		4.9196e-05,		5.6052e-05
388,		4.8201e-05,		4.9235e-05,		5.6052e-05
389,		4.8234e-05,		4.9273e-05,		5.6052e-05
390,		4.8269e-05,		4.9306e-05,		5.6052e-05
391,		4.8302e-05,		4.9343e-05,		5.6052e-05
392,		4.8336e-05,		4.9383e-05,		5.6052e-05
393,		4.8367e-05,		4.9416e-05,		5.6052e-05
394,		4.8407e-05,		4.9447e-05,		5.6052e-05
395,		4.8430e-05,		4.9463e-05,		5.6052e-05
396,		4.8473e-05,		4.9497e-05,		5.6052e-05
397,		4.8497e-05,		4.9524e-05,		5.6052e-05
398,		4.8527e-05,		4.9555e-05,		5.6052e-05
399,		4.8561e-05,		4.9594e-05,		5.6052e-05
400,		4.8596e-05,		4.9630e-05,		5.6052e-05
401,		4.8634e-05,		4.9657e-05,		5.6052e-05
402,		4.8663e-05,		4.9683e-05,		5.6052e-05
403,		4.8691e-05,		4.9708e-05,		5.6052e-05
404,		4.8727e-05,		4.9740e-05,		5.6052e-05
405,		4.8752e-05,		4.9764e-05,		5.6052e-05
406,		4.8782e-05,		4.9790e-05,		5.6052e-05
407,		4.8812e-05,		4.9825e-05,		5.6052e-05
408,		4.8845e-05,		4.9856e-05,		5.6052e-05
409,		4.8870e-05,		4.9879e-05,		5.6052e-05
410,		4.8898e-05,		4.9910e-05,		5.6052e-05
411,		4.8927e-05,		4.9936e-05,		5.6052e-05
412,		4.8961e-05,		4.9962e-05,		5.6052e-05
413,		4.8989e-05,		4.9994e-05,		5.6052e-05
414,		4.9024e-05,		5.0033e-05,		5.6222e-05
415,		4.9052e-05,		5.0064e-05,		5.6222e-05
416,		4.9077e-05,		5.0090e-05,		5.6222e-05
417,		4.9120e-05,		5.0136e-05,		5.6222e-05
418,		4.9153e-05,		5.0173e-05,		5.6222e-05
419,		4.9176e-05,		5.0198e-05,		5.6222e-05
420,		4.9217e-05,		5.0230e-05,		5.6222e-05
421,		4.9258e-05,		5.0267e-05,		5.6222e-05
422,		4.9280e-05,		5.0301e-05,		5.6222e-05
423,		4.9308e-05,		5.0327e-05,		5.6222e-05
424,		4.9345e-05,		5.0368e-05,		5.6222e-05
425,		4.9372e-05,		5.0395e-05,		5.6222e-05
426,		4.9401e-05,		5.0417e-05,		5.6222e-05
427,		4.9428e-05,		5.0442e-05,		5.6222e-05
428,		4.9464e-05,		5.0483e-05,		5.6222e-05
429,		4.9491e-05,		5.0516e-05,		5.6222e-05
430,		4.9515e-05,		5.0541e-05,		5.6222e-05
431,		4.9543e-05,		5.0565e-05,		5.6222e-05
432,		4.9567e-05,		5.0583e-05,		5.6222e-05
433,		4.9603e-05,		5.0618e-05,		5.6222e-05
434,		4.9622e-05,		5.0639e-05,		5.6222e-05
435,		4.9653e-05,		5.0671e-05,		5.6222e-05
436,		4.9688e-05,		5.0697e-05,		5.6222e-05
437,		4.9712e-05,		5.0721e-05,		5.6222e-05
438,		4.9738e-05,		5.0744e-05,		5.6222e-05
439,		4.9761e-05,		5.0770e-05,		5.6222e-05
440,		4.9787e-05,		5.0803e-05,		5.6222e-05
441,		4.9814e-05,		5.0832e-05,		5.6222e-05
442,		4.9843e-05,		5.0864e-05,		5.6317e-05
443,		4.9871e-05,		5.0889e-05,		5.6317e-05
444,		4.9899e-05,		5.0912e-05,		5.6317e-05
445,		4.9929e-05,		5.0944e-05,		5.6317e-05
446,		4.9966e-05,		5.0970e-05,		5.6317e-05
447,		5.0001e-05,		5.1011e-05,		5.7260e-05
448,		5.0039e-05,		5.1041e-05,		5.7260e-05
449,		5.0072e-05,		5.1071e-05,		5.7260e-05
450,		5.0096e-05,		5.1097e-05,		5.7260e-05
451,		5.0117e-05,		5.1120e-05,		5.7260e-05
452,		5.0157e-05,		5.1150e-05,		5.7260e-05
453,		5.0183e-05,		5.1174e-05,		5.7260e-05
454,		5.0208e-05,		5.1200e-05,		5.7260e-05
455,		5.0228e-05,		5.1229e-05,		5.7349e-05
456,		5.0250e-05,		5.1255e-05,		5.7349e-05
457,		5.0276e-05,		5.1286e-05,		5.7349e-05
458,		5.0298e-05,		5.1310e-05,		5.7349e-05
459,		4.6721e-05,		4.7921e-05,		5.7349e-05
460,		4.6958e-05,		4.8097e-05,		5.7349e-05
461,		4.7136e-05,		4.8238e-05,		5.7349e-05
462,		4.7274e-05,		4.8365e-05,		5.7349e-05
463,		4.7402e-05,		4.8498e-05,		5.7349e-05
464,		4.7520e-05,		4.8598e-05,		5.7349e-05
465,		4.7641e-05,		4.8706e-05,		5.7356e-05
466,		4.7751e-05,		4.8804e-05,		5.7705e-05
467,		4.7838e-05,		4.8885e-05,		5.7705e-05
468,		4.7928e-05,		4.8981e-05,		5.7705e-05
469,		4.8010e-05,		4.9049e-05,		5.7705e-05
470,		4.8076e-05,		4.9130e-05,		5.7705e-05
471,		4.8135e-05,		4.9205e-05,		5.7705e-05
472,		4.8198e-05,		4.9270e-05,		5.7705e-05
473,		4.8266e-05,		4.9344e-05,		5.7705e-05
474,		4.8318e-05,		4.9407e-05,		5.7705e-05
475,		4.8380e-05,		4.9468e-05,		5.7705e-05
476,		4.8443e-05,		4.9531e-05,		5.7705e-05
477,		4.8496e-05,		4.9590e-05,		5.7705e-05
478,		4.8565e-05,		4.9644e-05,		5.7705e-05
479,		4.8621e-05,		4.9718e-05,		5.7705e-05
480,		4.8669e-05,		4.9780e-05,		5.7705e-05
481,		4.8730e-05,		4.9833e-05,		5.7705e-05
482,		4.8800e-05,		4.9900e-05,		5.7705e-05
483,		4.8853e-05,		4.9958e-05,		5.7705e-05
484,		4.8896e-05,		5.0011e-05,		5.7705e-05
485,		4.8963e-05,		5.0065e-05,		5.7705e-05
486,		4.9017e-05,		5.0117e-05,		5.7705e-05
487,		4.9066e-05,		5.0174e-05,		5.7705e-05
488,		4.9111e-05,		5.0208e-05,		5.7705e-05
489,		4.9174e-05,		5.0264e-05,		5.7705e-05
490,		4.9230e-05,		5.0311e-05,		5.7705e-05
491,		4.9269e-05,		5.0364e-05,		5.7705e-05
492,		4.9330e-05,		5.0414e-05,		5.7759e-05
493,		4.9375e-05,		5.0464e-05,		5.7759e-05
494,		4.9418e-05,		5.0508e-05,		5.7759e-05
495,		4.9458e-05,		5.0554e-05,		5.7759e-05
496,		4.9501e-05,		5.0594e-05,		5.7759e-05
497,		4.9549e-05,		5.0636e-05,		5.7759e-05
498,		4.9582e-05,		5.0670e-05,		5.7759e-05
499,		4.9628e-05,		5.0716e-05,		5.7759e-05
500,		4.9674e-05,		5.0763e-05,		5.7759e-05
501,		4.9701e-05,		5.0788e-05,		5.7759e-05
502,		4.9743e-05,		5.0832e-05,		5.7759e-05
503,		4.9782e-05,		5.0876e-05,		5.7759e-05
504,		4.9817e-05,		5.0915e-05,		5.7759e-05
505,		4.9856e-05,		5.0951e-05,		5.7759e-05
506,		4.9894e-05,		5.0990e-05,		5.7759e-05
507,		4.9930e-05,		5.1022e-05,		5.7759e-05
508,		4.9967e-05,		5.1051e-05,		5.7759e-05
509,		4.9989e-05,		5.1078e-05,		5.7759e-05
510,		5.0025e-05,		5.1113e-05,		5.7759e-05
511,		5.0059e-05,		5.1150e-05,		5.7759e-05
512,		5.0093e-05,		5.1188e-05,		5.7759e-05
513,		5.0126e-05,		5.1220e-05,		5.7759e-05
514,		5.0157e-05,		5.1253e-05,		5.7759e-05
515,		5.0188e-05,		5.1281e-05,		5.7759e-05
516,		5.0232e-05,		5.1313e-05,		5.7759e-05
517,		5.0268e-05,		5.1351e-05,		5.7759e-05
518,		5.0296e-05,		5.1388e-05,		5.7759e-05
519,		5.0322e-05,		5.1410e-05,		5.7759e-05
520,		5.0355e-05,		5.1437e-05,		5.7759e-05
521,		5.0384e-05,		5.1469e-05,		5.7759e-05
522,		4.5490e-05,		4.6726e-05,		5.7759e-05
523,		4.5741e-05,		4.6910e-05,		5.7759e-05
524,		4.5943e-05,		4.7069e-05,		5.7759e-05
525,		4.6106e-05,		4.7229e-05,		5.7972e-05
526,		4.6232e-05,		4.7346e-05,		5.7972e-05
527,		4.6348e-05,		4.7447e-05,		5.7972e-05
528,		4.6446e-05,		4.7538e-05,		5.7972e-05
529,		4.6573e-05,		4.7637e-05,		5.7972e-05
530,		4.6645e-05,		4.7728e-05,		5.7972e-05
531,		4.6765e-05,		4.7841e-05,		5.7972e-05
532,		4.6847e-05,		4.7923e-05,		5.7972e-05
533,		4.6922e-05,		4.8013e-05,		5.7972e-05
534,		4.7009e-05,		4.8083e-05,		5.7972e-05
535,		4.7104e-05,		4.8169e-05,		5.7972e-05
536,		4.7158e-05,		4.8234e-05,		5.7972e-05
537,		4.7236e-05,		4.8307e-05,		5.7972e-05
538,		4.7300e-05,		4.8369e-05,		5.7972e-05
539,		4.7373e-05,		4.8432e-05,		5.7972e-05
540,		4.7429e-05,		4.8489e-05,		5.7972e-05
541,		4.7483e-05,		4.8560e-05,		5.7972e-05
542,		4.7548e-05,		4.8634e-05,		5.7972e-05
543,		4.7598e-05,		4.8672e-05,		5.7972e-05
544,		4.7652e-05,		4.8726e-05,		5.7972e-05
545,		4.7707e-05,		4.8770e-05,		5.7972e-05
546,		4.7767e-05,		4.8817e-05,		5.7972e-05
547,		4.7814e-05,		4.8868e-05,		5.7972e-05
548,		4.7870e-05,		4.8930e-05,		5.7972e-05
549,		4.7923e-05,		4.8979e-05,		5.7972e-05
550,		4.7975e-05,		4.9034e-05,		5.7972e-05
551,		4.8022e-05,		4.9088e-05,		5.7972e-05
552,		4.8086e-05,		4.9143e-05,		5.7972e-05
553,		4.8131e-05,		4.9189e-05,		5.7972e-05
554,		4.8179e-05,		4.9227e-05,		5.7972e-05
555,		4.8227e-05,		4.9280e-05,		5.8186e-05
556,		4.8265e-05,		4.9330e-05,		5.8186e-05
557,		4.8315e-05,		4.9372e-05,		5.8186e-05
558,		4.8347e-05,		4.9407e-05,		5.8186e-05
559,		4.8393e-05,		4.9447e-05,		5.8186e-05
560,		4.8443e-05,		4.9494e-05,		5.8186e-05
561,		4.8485e-05,		4.9542e-05,		5.8186e-05
562,		4.8520e-05,		4.9591e-05,		5.8186e-05
563,		4.8560e-05,		4.9629e-05,		5.8186e-05
564,		4.8607e-05,		4.9671e-05,		5.8186e-05
565,		4.8662e-05,		4.9707e-05,		5.8186e-05
566,		4.8712e-05,		4.9747e-05,		5.8186e-05
567,		4.8756e-05,		4.9796e-05,		5.8186e-05
568,		4.8798e-05,		4.9838e-05,		5.8186e-05
569,		4.8821e-05,		4.9872e-05,		5.8186e-05
570,		4.8864e-05,		4.9910e-05,		5.8186e-05
571,		4.8894e-05,		4.9952e-05,		5.8186e-05
572,		4.8934e-05,		4.9987e-05,		5.8186e-05
573,		4.8970e-05,		5.0025e-05,		5.8186e-05
574,		4.9011e-05,		5.0064e-05,		5.8186e-05
575,		4.9044e-05,		5.0098e-05,		5.8186e-05
576,		4.9084e-05,		5.0139e-05,		5.8186e-05
577,		4.9126e-05,		5.0179e-05,		5.8186e-05
578,		4.9160e-05,		5.0211e-05,		5.8186e-05
579,		4.9194e-05,		5.0252e-05,		5.8186e-05
580,		4.9235e-05,		5.0296e-05,		5.8186e-05
581,		4.9271e-05,		5.0330e-05,		5.8186e-05
582,		4.4727e-05,		4.5990e-05,		5.8186e-05
583,		4.5008e-05,		4.6201e-05,		5.8186e-05
584,		4.5239e-05,		4.6391e-05,		5.8186e-05
585,		4.5399e-05,		4.6555e-05,		5.8186e-05
586,		4.5550e-05,		4.6697e-05,		5.8186e-05
587,		4.5690e-05,		4.6832e-05,		5.8186e-05
588,		4.5823e-05,		4.6946e-05,		5.8186e-05
589,		4.5936e-05,		4.7052e-05,		5.8186e-05
590,		4.6042e-05,		4.7144e-05,		5.8186e-05
591,		4.6142e-05,		4.7235e-05,		5.8186e-05
592,		4.6229e-05,		4.7327e-05,		5.8186e-05
593,		4.6318e-05,		4.7407e-05,		5.8186e-05
594,		4.6411e-05,		4.7493e-05,		5.8186e-05
595,		4.6484e-05,		4.7582e-05,		5.8186e-05
596,		4.6559e-05,		4.7648e-05,		5.8186e-05
597,		4.6649e-05,		4.7720e-05,		5.8186e-05
598,		4.6712e-05,		4.7796e-05,		5.8186e-05
599,		4.6786e-05,		4.7869e-05,		5.8186e-05
600,		4.6853e-05,		4.7924e-05,		5.8186e-05
601,		4.6910e-05,		4.7982e-05,		5.8186e-05
602,		4.6976e-05,		4.8049e-05,		5.8186e-05
603,		4.7030e-05,		4.8107e-05,		5.8186e-05
604,		4.7080e-05,		4.8178e-05,		5.8186e-05
605,		4.7146e-05,		4.8239e-05,		5.8186e-05
606,		4.7207e-05,		4.8305e-05,		5.8186e-05
607,		4.7258e-05,		4.8362e-05,		5.8186e-05
608,		4.7317e-05,		4.8420e-05,		5.8186e-05
609,		4.7378e-05,		4.8484e-05,		5.8186e-05
610,		4.7443e-05,		4.8528e-05,		5.8186e-05
611,		4.7478e-05,		4.8564e-05,		5.8186e-05
612,		4.7530e-05,		4.8623e-05,		5.8186e-05
613,		4.3974e-05,		4.5238e-05,		5.8186e-05
614,		4.4285e-05,		4.5486e-05,		5.8186e-05
615,		4.4489e-05,		4.5652e-05,		5.8186e-05
616,		4.4693e-05,		4.5820e-05,		5.8186e-05
617,		4.4860e-05,		4.5963e-05,		5.8186e-05
618,		4.4996e-05,		4.6094e-05,		5.8186e-05
619,		4.5125e-05,		4.6217e-05,		5.8186e-05
620,		4.5233e-05,		4.6314e-05,		5.8186e-05
621,		4.5332e-05,		4.6426e-05,		5.8186e-05
622,		4.5441e-05,		4.6529e-05,		5.8186e-05
623,		4.5538e-05,		4.6625e-05,		5.8186e-05
624,		4.5613e-05,		4.6716e-05,		5.8766e-05
625,		4.5702e-05,		4.6797e-05,		5.8766e-05
626,		4.5782e-05,		4.6876e-05,		5.8766e-05
627,		4.5886e-05,		4.6973e-05,		5.8766e-05
628,		4.5983e-05,		4.7063e-05,		5.8766e-05
629,		4.6054e-05,		4.7133e-05,		5.8766e-05
630,		4.6133e-05,		4.7205e-05,		5.8766e-05
631,		4.6221e-05,		4.7290e-05,		5.8766e-05
632,		4.6296e-05,		4.7359e-05,		5.8766e-05
633,		4.6372e-05,		4.7442e-05,		5.8766e-05
634,		4.6460e-05,		4.7519e-05,		5.8766e-05
635,		4.6532e-05,		4.7597e-05,		5.8766e-05
636,		4.6593e-05,		4.7651e-05,		5.8766e-05
637,		4.6663e-05,		4.7726e-05,		5.8766e-05
638,		4.6724e-05,		4.7791e-05,		5.8766e-05
639,		4.6771e-05,		4.7840e-05,		5.8766e-05
640,		4.6832e-05,		4.7905e-05,		5.8766e-05
641,		4.6887e-05,		4.7957e-05,		5.8766e-05
642,		4.6950e-05,		4.8019e-05,		5.8766e-05
643,		4.7009e-05,		4.8081e-05,		5.8766e-05
644,		4.7071e-05,		4.8143e-05,		5.8766e-05
645,		4.7129e-05,		4.8196e-05,		5.8766e-05
646,		4.7192e-05,		4.8251e-05,		5.8766e-05
647,		4.7253e-05,		4.8296e-05,		5.8766e-05
648,		4.7311e-05,		4.8344e-05,		5.8766e-05
649,		4.7351e-05,		4.8394e-05,		5.8766e-05
650,		4.7399e-05,		4.8443e-05,		5.8766e-05
651,		4.7439e-05,		4.8478e-05,		5.8766e-05
652,		4.7503e-05,		4.8541e-05,		5.8766e-05
653,		4.7557e-05,		4.8598e-05,		5.8766e-05
654,		4.7609e-05,		4.8649e-05,		5.8766e-05
655,		4.7653e-05,		4.8701e-05,		5.8766e-05
656,		4.7699e-05,		4.8751e-05,		5.8766e-05
657,		4.7749e-05,		4.8790e-05,		5.8766e-05
658,		4.7812e-05,		4.8853e-05,		5.8766e-05
659,		4.7863e-05,		4.8888e-05,		5.8766e-05
660,		4.7901e-05,		4.8935e-05,		5.8766e-05
661,		4.7943e-05,		4.8974e-05,		5.8766e-05
662,		4.7980e-05,		4.9018e-05,		5.8766e-05
663,		4.8026e-05,		4.9061e-05,		5.8766e-05
664,		4.8075e-05,		4.9113e-05,		5.8766e-05
665,		4.8116e-05,		4.9156e-05,		5.8766e-05
666,		4.8154e-05,		4.9200e-05,		5.8766e-05
667,		4.8197e-05,		4.9250e-05,		5.8766e-05
668,		4.8238e-05,		4.9291e-05,		5.8766e-05
669,		4.8292e-05,		4.9342e-05,		5.8766e-05
670,		4.8333e-05,		4.9386e-05,		5.8766e-05
671,		4.8375e-05,		4.9426e-05,		5.8766e-05
672,		4.8425e-05,		4.9473e-05,		5.8766e-05
673,		4.8474e-05,		4.9517e-05,		5.9783e-05
674,		4.8508e-05,		4.9562e-05,		5.9783e-05
675,		4.8551e-05,		4.9605e-05,		5.9783e-05
676,		4.8593e-05,		4.9646e-05,		5.9783e-05
677,		4.8624e-05,		4.9689e-05,		5.9783e-05
678,		4.8663e-05,		4.9733e-05,		5.9783e-05
679,		4.8700e-05,		4.9771e-05,		5.9783e-05
680,		4.8734e-05,		4.9810e-05,		5.9783e-05
681,		4.8775e-05,		4.9843e-05,		5.9783e-05
682,		4.8799e-05,		4.9871e-05,		5.9783e-05
683,		4.8839e-05,		4.9912e-05,		5.9783e-05
684,		4.8877e-05,		4.9952e-05,		5.9783e-05
685,		4.8913e-05,		4.9987e-05,		5.9783e-05
686,		4.8962e-05,		5.0029e-05,		5.9783e-05
687,		4.9008e-05,		5.0072e-05,		5.9783e-05
688,		4.9047e-05,		5.0103e-05,		5.9783e-05
689,		4.9081e-05,		5.0133e-05,		5.9783e-05
690,		4.9106e-05,		5.0171e-05,		5.9783e-05
691,		4.9135e-05,		5.0210e-05,		5.9783e-05
692,		4.9171e-05,		5.0243e-05,		5.9783e-05
693,		4.9195e-05,		5.0271e-05,		5.9783e-05
694,		4.9225e-05,		5.0304e-05,		5.9783e-05
695,		4.9268e-05,		5.0346e-05,		5.9783e-05
696,		4.9295e-05,		5.0378e-05,		5.9783e-05
697,		4.9326e-05,		5.0414e-05,		5.9783e-05
698,		4.9355e-05,		5.0444e-05,		5.9783e-05
699,		4.9380e-05,		5.0469e-05,		5.9783e-05
700,		4.9425e-05,		5.0506e-05,		5.9783e-05
701,		4.9469e-05,		5.0540e-05,		5.9783e-05
702,		4.9495e-05,		5.0575e-05,		5.9783e-05
703,		4.9532e-05,		5.0612e-05,		5.9783e-05
704,		4.9556e-05,		5.0641e-05,		5.9783e-05
705,		4.9600e-05,		5.0679e-05,		5.9783e-05
706,		4.9629e-05,		5.0707e-05,		5.9783e-05
707,		4.9663e-05,		5.0741e-05,		5.9783e-05
708,		4.9696e-05,		5.0774e-05,		5.9783e-05
709,		4.9720e-05,		5.0805e-05,		5.9850e-05
710,		4.9761e-05,		5.0842e-05,		5.9850e-05
711,		4.9792e-05,		5.0880e-05,		5.9850e-05
712,		4.9823e-05,		5.0919e-05,		5.9850e-05
713,		4.9859e-05,		5.0959e-05,		5.9850e-05
714,		4.9883e-05,		5.0993e-05,		5.9850e-05
715,		4.9919e-05,		5.1030e-05,		5.9850e-05
716,		4.9950e-05,		5.1054e-05,		5.9850e-05
717,		4.9972e-05,		5.1079e-05,		5.9850e-05
718,		5.0002e-05,		5.1114e-05,		5.9850e-05
719,		5.0041e-05,		5.1151e-05,		5.9850e-05
720,		5.0067e-05,		5.1174e-05,		5.9850e-05
721,		5.0097e-05,		5.1207e-05,		5.9850e-05
722,		5.0140e-05,		5.1242e-05,		5.9850e-05
723,		5.0170e-05,		5.1272e-05,		5.9850e-05
724,		5.0198e-05,		5.1307e-05,		5.9850e-05
725,		5.0234e-05,		5.1334e-05,		5.9850e-05
726,		5.0266e-05,		5.1367e-05,		5.9850e-05
727,		5.0299e-05,		5.1405e-05,		6.0082e-05
728,		5.0332e-05,		5.1439e-05,		6.0082e-05
729,		5.0355e-05,		5.1466e-05,		6.0082e-05
730,		5.0384e-05,		5.1498e-05,		6.0082e-05
731,		5.0406e-05,		5.1528e-05,		6.0082e-05
732,		5.0447e-05,		5.1565e-05,		6.0082e-05
733,		5.0478e-05,		5.1611e-05,		6.0095e-05
734,		5.0506e-05,		5.1637e-05,		6.0095e-05
735,		5.0543e-05,		5.1674e-05,		6.0095e-05
736,		5.0581e-05,		5.1707e-05,		6.0095e-05
737,		5.0612e-05,		5.1739e-05,		6.0095e-05
738,		5.0646e-05,		5.1770e-05,		6.0095e-05
739,		5.0679e-05,		5.1799e-05,		6.0095e-05
740,		5.0707e-05,		5.1827e-05,		6.0095e-05
741,		5.0736e-05,		5.1849e-05,		6.0095e-05
742,		5.0756e-05,		5.1878e-05,		6.0095e-05
743,		5.0789e-05,		5.1923e-05,		6.0095e-05
744,		5.0825e-05,		5.1954e-05,		6.0095e-05
745,		5.0846e-05,		5.1981e-05,		6.0095e-05
746,		5.0878e-05,		5.2013e-05,		6.0211e-05
747,		5.0905e-05,		5.2034e-05,		6.0211e-05
748,		5.0924e-05,		5.2050e-05,		6.0211e-05
749,		5.0958e-05,		5.2074e-05,		6.0211e-05
750,		5.0979e-05,		5.2105e-05,		6.0211e-05
751,		5.1011e-05,		5.2128e-05,		6.0211e-05
752,		5.1036e-05,		5.2153e-05,		6.0211e-05
753,		5.1066e-05,		5.2182e-05,		6.0211e-05
754,		5.1099e-05,		5.2205e-05,		6.0211e-05
755,		5.1125e-05,		5.2226e-05,		6.0211e-05
756,		5.1150e-05,		5.2244e-05,		6.0211e-05
757,		5.1169e-05,		5.2261e-05,		6.0211e-05
758,		5.1197e-05,		5.2280e-05,		6.0211e-05
759,		5.1223e-05,		5.2307e-05,		6.0211e-05
760,		5.1255e-05,		5.2327e-05,		6.0211e-05
761,		5.1277e-05,		5.2357e-05,		6.0211e-05
762,		5.1300e-05,		5.2380e-05,		6.0211e-05
763,		5.1330e-05,		5.2403e-05,		6.0211e-05
764,		5.1354e-05,		5.2421e-05,		6.0211e-05
765,		5.1377e-05,		5.2450e-05,		6.0211e-05
766,		5.1410e-05,		5.2474e-05,		6.0211e-05
767,		5.1430e-05,		5.2494e-05,		6.0211e-05
768,		5.1453e-05,		5.2517e-05,		6.0211e-05
769,		5.1478e-05,		5.2546e-05,		6.0211e-05
770,		5.1514e-05,		5.2571e-05,		6.0211e-05
771,		5.1541e-05,		5.2607e-05,		6.0211e-05
772,		5.1571e-05,		5.2631e-05,		6.0211e-05
773,		5.1598e-05,		5.2657e-05,		6.0211e-05
774,		5.1622e-05,		5.2679e-05,		6.0211e-05
775,		5.1643e-05,		5.2708e-05,		6.0211e-05
776,		5.1663e-05,		5.2732e-05,		6.0211e-05
777,		5.1688e-05,		5.2757e-05,		6.0211e-05
778,		5.1717e-05,		5.2778e-05,		6.0211e-05
779,		5.1747e-05,		5.2798e-05,		6.0211e-05
780,		5.1775e-05,		5.2821e-05,		6.0211e-05
781,		5.1805e-05,		5.2848e-05,		6.0211e-05
782,		5.1825e-05,		5.2884e-05,		6.0211e-05
783,		5.1857e-05,		5.2914e-05,		6.0211e-05
784,		5.1879e-05,		5.2940e-05,		6.0211e-05
785,		5.1892e-05,		5.2958e-05,		6.0211e-05
786,		5.1915e-05,		5.2986e-05,		6.0211e-05
787,		4.8195e-05,		4.9412e-05,		6.0211e-05
788,		4.8435e-05,		4.9598e-05,		6.0211e-05
789,		4.8613e-05,		4.9738e-05,		6.0211e-05
790,		4.8759e-05,		4.9861e-05,		6.0211e-05
791,		4.8880e-05,		4.9980e-05,		6.0211e-05
792,		4.8973e-05,		5.0079e-05,		6.0211e-05
793,		4.9074e-05,		5.0179e-05,		6.0211e-05
794,		4.9175e-05,		5.0282e-05,		6.0211e-05
795,		4.9288e-05,		5.0386e-05,		6.0211e-05
796,		4.9379e-05,		5.0469e-05,		6.0211e-05
797,		4.9460e-05,		5.0551e-05,		6.0211e-05
798,		4.9538e-05,		5.0633e-05,		6.0211e-05
799,		4.9613e-05,		5.0709e-05,		6.0211e-05
800,		4.9678e-05,		5.0774e-05,		6.0211e-05
801,		4.9755e-05,		5.0848e-05,		6.0211e-05
802,		4.9821e-05,		5.0919e-05,		6.0211e-05
803,		4.9881e-05,		5.0978e-05,		6.0211e-05
804,		4.9940e-05,		5.1030e-05,		6.0211e-05
805,		5.0006e-05,		5.1090e-05,		6.0211e-05
806,		5.0072e-05,		5.1155e-05,		6.0211e-05
807,		5.0133e-05,		5.1229e-05,		6.0211e-05
808,		5.0198e-05,		5.1299e-05,		6.0211e-05
809,		5.0250e-05,		5.1338e-05,		6.0211e-05
810,		5.0295e-05,		5.1385e-05,		6.0211e-05
811,		5.0354e-05,		5.1431e-05,		6.0211e-05
812,		5.0385e-05,		5.1470e-05,		6.0211e-05
813,		5.0432e-05,		5.1509e-05,		6.0211e-05
814,		5.0480e-05,		5.1552e-05,		6.0211e-05
815,		5.0522e-05,		5.1587e-05,		6.0211e-05
816,		5.0562e-05,		5.1630e-05,		6.0211e-05
817,		5.0610e-05,		5.1678e-05,		6.0211e-05
818,		5.0640e-05,		5.1715e-05,		6.0211e-05
819,		5.0697e-05,		5.1774e-05,		6.0211e-05
820,		5.0735e-05,		5.1810e-05,		6.0211e-05
821,		5.0767e-05,		5.1848e-05,		6.0211e-05
822,		5.0808e-05,		5.1889e-05,		6.0211e-05
823,		5.0848e-05,		5.1931e-05,		6.0211e-05
824,		5.0875e-05,		5.1958e-05,		6.0211e-05
825,		5.0913e-05,		5.1991e-05,		6.0211e-05
826,		5.0953e-05,		5.2026e-05,		6.0211e-05
827,		5.0989e-05,		5.2060e-05,		6.0211e-05
828,		5.1028e-05,		5.2095e-05,		6.0211e-05
829,		5.1069e-05,		5.2132e-05,		6.0211e-05
830,		5.1104e-05,		5.2156e-05,		6.0211e-05
831,		5.1140e-05,		5.2201e-05,		6.0211e-05
832,		5.1182e-05,		5.2254e-05,		6.0211e-05
833,		5.1210e-05,		5.2286e-05,		6.0211e-05
834,		5.1252e-05,		5.2319e-05,		6.0211e-05
835,		5.1291e-05,		5.2348e-05,		6.0211e-05
836,		5.1324e-05,		5.2385e-05,		6.0211e-05
837,		5.1362e-05,		5.2424e-05,		6.0211e-05
838,		5.1396e-05,		5.2460e-05,		6.0211e-05
839,		5.1423e-05,		5.2486e-05,		6.0211e-05
840,		5.1462e-05,		5.2526e-05,		6.0211e-05
841,		5.1493e-05,		5.2557e-05,		6.0211e-05
842,		5.1530e-05,		5.2590e-05,		6.0211e-05
843,		5.1558e-05,		5.2622e-05,		6.0211e-05
844,		5.1587e-05,		5.2650e-05,		6.0211e-05
845,		5.1620e-05,		5.2682e-05,		6.0211e-05
846,		5.1645e-05,		5.2714e-05,		6.0211e-05
847,		5.1682e-05,		5.2751e-05,		6.0211e-05
848,		5.1702e-05,		5.2777e-05,		6.0211e-05
849,		5.1736e-05,		5.2803e-05,		6.0211e-05
850,		5.1761e-05,		5.2832e-05,		6.0211e-05
851,		5.1793e-05,		5.2861e-05,		6.0211e-05
852,		5.1822e-05,		5.2889e-05,		6.0211e-05
853,		5.1855e-05,		5.2923e-05,		6.0211e-05
854,		5.1894e-05,		5.2951e-05,		6.0211e-05
855,		5.1917e-05,		5.2980e-05,		6.0211e-05
856,		5.1954e-05,		5.3021e-05,		6.0211e-05
857,		5.1982e-05,		5.3046e-05,		6.0211e-05
858,		5.2009e-05,		5.3076e-05,		6.0211e-05
859,		5.2037e-05,		5.3101e-05,		6.0211e-05
860,		5.2065e-05,		5.3121e-05,		6.0211e-05
861,		5.2090e-05,		5.3152e-05,		6.0211e-05
862,		5.2118e-05,		5.3176e-05,		6.0211e-05
863,		5.2137e-05,		5.3199e-05,		6.0211e-05
864,		5.2165e-05,		5.3228e-05,		6.0211e-05
865,		5.2194e-05,		5.3256e-05,		6.0211e-05
866,		5.2221e-05,		5.3284e-05,		6.0211e-05
867,		5.2261e-05,		5.3326e-05,		6.0211e-05
868,		5.2284e-05,		5.3348e-05,		6.0211e-05
869,		5.2309e-05,		5.3370e-05,		6.0211e-05
870,		5.2334e-05,		5.3398e-05,		6.0211e-05
871,		5.2364e-05,		5.3431e-05,		6.0211e-05
872,		5.2387e-05,		5.3462e-05,		6.0211e-05
873,		5.2411e-05,		5.3479e-05,		6.0211e-05
874,		5.2436e-05,		5.3513e-05,		6.0211e-05
875,		5.2457e-05,		5.3535e-05,		6.0211e-05
876,		5.2487e-05,		5.3563e-05,		6.0211e-05
877,		5.2519e-05,		5.3597e-05,		6.0211e-05
878,		5.2540e-05,		5.3618e-05,		6.0211e-05
879,		5.2568e-05,		5.3643e-05,		6.0211e-05
880,		5.2590e-05,		5.3672e-05,		6.0211e-05
881,		5.2611e-05,		5.3695e-05,		6.0211e-05
882,		5.2640e-05,		5.3712e-05,		6.0211e-05
883,		5.2670e-05,		5.3733e-05,		6.0211e-05
884,		5.2693e-05,		5.3753e-05,		6.0211e-05
885,		5.2713e-05,		5.3781e-05,		6.0211e-05
886,		5.2736e-05,		5.3800e-05,		6.0211e-05
887,		5.2758e-05,		5.3822e-05,		6.0211e-05
888,		5.2783e-05,		5.3846e-05,		6.0211e-05
889,		5.2807e-05,		5.3870e-05,		6.0211e-05
890,		5.2829e-05,		5.3897e-05,		6.0211e-05
891,		5.2853e-05,		5.3927e-05,		6.0211e-05
892,		5.2877e-05,		5.3946e-05,		6.0211e-05
893,		5.2896e-05,		5.3966e-05,		6.0211e-05
894,		5.2912e-05,		5.3984e-05,		6.0211e-05
895,		5.2932e-05,		5.4007e-05,		6.0211e-05
896,		5.2951e-05,		5.4032e-05,		6.0211e-05
897,		5.2977e-05,		5.4053e-05,		6.0211e-05
898,		5.2990e-05,		5.4071e-05,		6.0211e-05
899,		5.3016e-05,		5.4094e-05,		6.0211e-05
900,		5.3034e-05,		5.4115e-05,		6.0211e-05
901,		5.3053e-05,		5.4136e-05,		6.0211e-05
902,		5.3078e-05,		5.4162e-05,		6.0211e-05
903,		5.3101e-05,		5.4184e-05,		6.0211e-05
904,		5.3117e-05,		5.4198e-05,		6.0211e-05
905,		5.3138e-05,		5.4211e-05,		6.0211e-05
906,		5.3158e-05,		5.4233e-05,		6.0211e-05
907,		5.3184e-05,		5.4255e-05,		6.0211e-05
908,		5.3216e-05,		5.4272e-05,		6.0211e-05
909,		5.3236e-05,		5.4297e-05,		6.0211e-05
910,		5.3260e-05,		5.4323e-05,		6.0211e-05
911,		5.3273e-05,		5.4339e-05,		6.0211e-05
912,		5.3285e-05,		5.4358e-05,		6.0211e-05
913,		5.3308e-05,		5.4385e-05,		6.0211e-05
914,		5.3323e-05,		5.4404e-05,		6.0211e-05
915,		5.3345e-05,		5.4428e-05,		6.0211e-05
916,		5.3371e-05,		5.4455e-05,		6.0211e-05
917,		5.3404e-05,		5.4481e-05,		6.0211e-05
918,		5.3422e-05,		5.4503e-05,		6.0211e-05
919,		5.3438e-05,		5.4521e-05,		6.0211e-05
920,		5.3458e-05,		5.4539e-05,		6.0211e-05
921,		5.3473e-05,		5.4559e-05,		6.0211e-05
922,		5.3496e-05,		5.4577e-05,		6.0211e-05
923,		5.3525e-05,		5.4601e-05,		6.0211e-05
924,		5.3549e-05,		5.4627e-05,		6.0211e-05
925,		5.3581e-05,		5.4655e-05,		6.0380e-05
926,		5.3595e-05,		5.4683e-05,		6.0380e-05
927,		4.8853e-05,		5.0074e-05,		6.0380e-05
928,		4.9083e-05,		5.0255e-05,		6.0380e-05
929,		4.9265e-05,		5.0406e-05,		6.0380e-05
930,		4.9401e-05,		5.0553e-05,		6.0380e-05
931,		4.9533e-05,		5.0668e-05,		6.0380e-05
932,		4.9655e-05,		5.0780e-05,		6.0380e-05
933,		4.9764e-05,		5.0880e-05,		6.0380e-05
934,		4.9865e-05,		5.0979e-05,		6.0380e-05
935,		4.9966e-05,		5.1071e-05,		6.0380e-05
936,		5.0045e-05,		5.1150e-05,		6.0380e-05
937,		5.0140e-05,		5.1239e-05,		6.0380e-05
938,		5.0196e-05,		5.1299e-05,		6.0380e-05
939,		5.0264e-05,		5.1355e-05,		6.0380e-05
940,		4.5438e-05,		4.6688e-05,		6.0380e-05
941,		4.5733e-05,		4.6911e-05,		6.0380e-05
942,		4.5942e-05,		4.7091e-05,		6.0380e-05
943,		4.6125e-05,		4.7252e-05,		6.0380e-05
944,		4.6275e-05,		4.7416e-05,		6.0380e-05
945,		4.6424e-05,		4.7570e-05,		6.0380e-05
946,		4.6560e-05,		4.7692e-05,		6.0380e-05
947,		4.6688e-05,		4.7822e-05,		6.0920e-05
948,		4.6794e-05,		4.7938e-05,		6.0920e-05
949,		4.6932e-05,		4.8051e-05,		6.0920e-05
950,		4.7038e-05,		4.8159e-05,		6.0920e-05
951,		4.7140e-05,		4.8254e-05,		6.0920e-05
952,		4.7230e-05,		4.8338e-05,		6.0920e-05
953,		4.7310e-05,		4.8421e-05,		6.0920e-05
954,		4.7402e-05,		4.8500e-05,		6.0920e-05
955,		4.7502e-05,		4.8591e-05,		6.0920e-05
956,		4.7587e-05,		4.8674e-05,		6.0920e-05
957,		4.7675e-05,		4.8757e-05,		6.0920e-05
958,		4.7744e-05,		4.8830e-05,		6.0920e-05
959,		4.7813e-05,		4.8911e-05,		6.0920e-05
960,		4.7877e-05,		4.8982e-05,		6.0920e-05
961,		4.7953e-05,		4.9057e-05,		6.0920e-05
962,		4.8032e-05,		4.9138e-05,		6.0920e-05
963,		4.8122e-05,		4.9213e-05,		6.0920e-05
964,		4.8182e-05,		4.9282e-05,		6.0920e-05
965,		4.8271e-05,		4.9354e-05,		6.0920e-05
966,		4.8336e-05,		4.9424e-05,		6.0920e-05
967,		4.8405e-05,		4.9482e-05,		6.0920e-05
968,		4.8463e-05,		4.9544e-05,		6.0920e-05
969,		4.8525e-05,		4.9608e-05,		6.0920e-05
970,		4.8584e-05,		4.9668e-05,		6.0920e-05
971,		4.8646e-05,		4.9737e-05,		6.0920e-05
972,		4.8695e-05,		4.9802e-05,		6.0920e-05
973,		4.8746e-05,		4.9855e-05,		6.0920e-05
974,		4.4874e-05,		4.6169e-05,		6.0920e-05
975,		4.5161e-05,		4.6380e-05,		6.0920e-05
976,		4.5390e-05,		4.6580e-05,		6.0920e-05
977,		4.5560e-05,		4.6743e-05,		6.0920e-05
978,		4.5706e-05,		4.6890e-05,		6.0920e-05
979,		4.5840e-05,		4.7011e-05,		6.0920e-05
980,		4.5976e-05,		4.7145e-05,		6.1217e-05
981,		4.6078e-05,		4.7246e-05,		6.1217e-05
982,		4.6201e-05,		4.7368e-05,		6.1217e-05
983,		4.6302e-05,		4.7477e-05,		6.1217e-05
984,		4.6425e-05,		4.7580e-05,		6.1217e-05
985,		4.6529e-05,		4.7671e-05,		6.1217e-05
986,		4.6634e-05,		4.7766e-05,		6.1217e-05
987,		4.6730e-05,		4.7856e-05,		6.1217e-05
988,		4.6816e-05,		4.7950e-05,		6.1217e-05
989,		4.6896e-05,		4.8033e-05,		6.1217e-05
990,		4.6977e-05,		4.8112e-05,		6.1217e-05
991,		4.7049e-05,		4.8191e-05,		6.1217e-05
992,		4.7135e-05,		4.8273e-05,		6.1217e-05
993,		4.7218e-05,		4.8347e-05,		6.1217e-05
994,		4.7289e-05,		4.8420e-05,		6.1217e-05
995,		4.7368e-05,		4.8498e-05,		6.1217e-05
996,		4.7444e-05,		4.8574e-05,		6.1217e-05
997,		4.7502e-05,		4.8636e-05,		6.1217e-05
998,		4.7572e-05,		4.8713e-05,		6.1217e-05
999,		4.7624e-05,		4.8778e-05,		6.1217e-05
1000,		4.7680e-05,		4.8838e-05,		6.1217e-05
1001,		4.7733e-05,		4.8896e-05,		6.1217e-05
1002,		4.7787e-05,		4.8965e-05,		6.1217e-05
1003,		4.7863e-05,		4.9032e-05,		6.1217e-05
1004,		4.7935e-05,		4.9104e-05,		6.1217e-05
1005,		4.8010e-05,		4.9167e-05,		6.1217e-05
1006,		4.8056e-05,		4.9225e-05,		6.1217e-05
1007,		4.8122e-05,		4.9294e-05,		6.1217e-05
1008,		4.8188e-05,		4.9343e-05,		6.1217e-05
1009,		4.8242e-05,		4.9399e-05,		6.1217e-05
1010,		4.8294e-05,		4.9452e-05,		6.1217e-05
1011,		4.8351e-05,		4.9507e-05,		6.1217e-05
1012,		4.8397e-05,		4.9551e-05,		6.1217e-05
1013,		4.8447e-05,		4.9591e-05,		6.1217e-05
1014,		4.8496e-05,		4.9637e-05,		6.1217e-05
1015,		4.8552e-05,		4.9696e-05,		6.1217e-05
1016,		4.8619e-05,		4.9748e-05,		6.1217e-05
1017,		4.8674e-05,		4.9801e-05,		6.1217e-05
1018,		4.8736e-05,		4.9861e-05,		6.1217e-05
1019,		4.8788e-05,		4.9917e-05,		6.1217e-05
1020,		4.8838e-05,		4.9957e-05,		6.1217e-05
1021,		4.8886e-05,		5.0009e-05,		6.1217e-05
1022,		4.8921e-05,		5.0040e-05,		6.1217e-05
1023,		4.8980e-05,		5.0089e-05,		6.1217e-05
1024,		4.9054e-05,		5.0148e-05,		6.1217e-05
1025,		4.9103e-05,		5.0187e-05,		6.1217e-05
1026,		4.9150e-05,		5.0235e-05,		6.1217e-05
1027,		4.9204e-05,		5.0286e-05,		6.1217e-05
1028,		4.9244e-05,		5.0321e-05,		6.1217e-05
1029,		4.9290e-05,		5.0372e-05,		6.1217e-05
1030,		4.9334e-05,		5.0416e-05,		6.1217e-05
1031,		4.9366e-05,		5.0451e-05,		6.1217e-05
1032,		4.9411e-05,		5.0507e-05,		6.1217e-05
1033,		4.9453e-05,		5.0550e-05,		6.1217e-05
1034,		4.9499e-05,		5.0594e-05,		6.1217e-05
1035,		4.9537e-05,		5.0634e-05,		6.1217e-05
1036,		4.9573e-05,		5.0669e-05,		6.1217e-05
1037,		4.9628e-05,		5.0723e-05,		6.1217e-05
1038,		4.9665e-05,		5.0767e-05,		6.1217e-05
1039,		4.9705e-05,		5.0810e-05,		6.1217e-05
1040,		4.9753e-05,		5.0849e-05,		6.1217e-05
1041,		4.9801e-05,		5.0893e-05,		6.1217e-05
1042,		4.9842e-05,		5.0929e-05,		6.1217e-05
1043,		4.9880e-05,		5.0966e-05,		6.1217e-05
1044,		4.9931e-05,		5.1003e-05,		6.1217e-05
1045,		4.9974e-05,		5.1040e-05,		6.1217e-05
1046,		5.0009e-05,		5.1075e-05,		6.1217e-05
1047,		5.0046e-05,		5.1110e-05,		6.1217e-05
1048,		5.0076e-05,		5.1151e-05,		6.1217e-05
1049,		5.0120e-05,		5.1192e-05,		6.1217e-05
1050,		5.0147e-05,		5.1223e-05,		6.1217e-05
1051,		5.0185e-05,		5.1263e-05,		6.1217e-05
1052,		5.0222e-05,		5.1297e-05,		6.1217e-05
1053,		5.0265e-05,		5.1331e-05,		6.1217e-05
1054,		5.0300e-05,		5.1360e-05,		6.1217e-05
1055,		5.0335e-05,		5.1391e-05,		6.1217e-05
1056,		5.0378e-05,		5.1441e-05,		6.1217e-05
1057,		5.0407e-05,		5.1464e-05,		6.1217e-05
1058,		5.0430e-05,		5.1491e-05,		6.1217e-05
1059,		5.0460e-05,		5.1526e-05,		6.1217e-05
1060,		5.0501e-05,		5.1561e-05,		6.1217e-05
1061,		5.0537e-05,		5.1593e-05,		6.1217e-05
1062,		5.0570e-05,		5.1625e-05,		6.1217e-05
1063,		5.0607e-05,		5.1656e-05,		6.1217e-05
1064,		5.0631e-05,		5.1681e-05,		6.1217e-05
1065,		5.0660e-05,		5.1710e-05,		6.1217e-05
1066,		5.0685e-05,		5.1738e-05,		6.1217e-05
1067,		5.0725e-05,		5.1773e-05,		6.1217e-05
1068,		5.0753e-05,		5.1795e-05,		6.1217e-05
1069,		5.0775e-05,		5.1824e-05,		6.1217e-05
1070,		5.0811e-05,		5.1862e-05,		6.1217e-05
1071,		5.0841e-05,		5.1895e-05,		6.1217e-05
1072,		5.0868e-05,		5.1929e-05,		6.1217e-05
1073,		5.0901e-05,		5.1960e-05,		6.1217e-05
1074,		5.0932e-05,		5.1993e-05,		6.1217e-05
1075,		5.0958e-05,		5.2013e-05,		6.1217e-05
1076,		5.0979e-05,		5.2035e-05,		6.1217e-05
1077,		5.1009e-05,		5.2061e-05,		6.1217e-05
1078,		5.1031e-05,		5.2092e-05,		6.1217e-05
1079,		5.1075e-05,		5.2132e-05,		6.1217e-05
1080,		5.1107e-05,		5.2172e-05,		6.1217e-05
1081,		5.1140e-05,		5.2200e-05,		6.1217e-05
1082,		5.1163e-05,		5.2222e-05,		6.1217e-05
1083,		5.1186e-05,		5.2250e-05,		6.1217e-05
1084,		5.1211e-05,		5.2275e-05,		6.1217e-05
1085,		5.1227e-05,		5.2292e-05,		6.1217e-05
1086,		5.1260e-05,		5.2316e-05,		6.1217e-05
1087,		5.1296e-05,		5.2347e-05,		6.1217e-05
1088,		5.1326e-05,		5.2389e-05,		6.1217e-05
1089,		5.1355e-05,		5.2414e-05,		6.1217e-05
1090,		5.1384e-05,		5.2452e-05,		6.1217e-05
1091,		5.1408e-05,		5.2481e-05,		6.1217e-05
1092,		5.1433e-05,		5.2515e-05,		6.1217e-05
1093,		5.1460e-05,		5.2545e-05,		6.1217e-05
1094,		5.1496e-05,		5.2574e-05,		6.1217e-05
1095,		5.1516e-05,		5.2598e-05,		6.1217e-05
1096,		5.1549e-05,		5.2642e-05,		6.1217e-05
1097,		5.1578e-05,		5.2666e-05,		6.1217e-05
1098,		5.1600e-05,		5.2700e-05,		6.1217e-05
1099,		5.1631e-05,		5.2730e-05,		6.1217e-05
1100,		5.1662e-05,		5.2763e-05,		6.1217e-05
1101,		5.1690e-05,		5.2792e-05,		6.1217e-05
1102,		5.1713e-05,		5.2821e-05,		6.1217e-05
1103,		5.1747e-05,		5.2843e-05,		6.1217e-05
1104,		5.1772e-05,		5.2868e-05,		6.1217e-05
1105,		5.1793e-05,		5.2891e-05,		6.1217e-05
1106,		5.1822e-05,		5.2923e-05,		6.1217e-05
1107,		5.1852e-05,		5.2953e-05,		6.1217e-05
1108,		5.1878e-05,		5.2978e-05,		6.1217e-05
1109,		5.1897e-05,		5.3002e-05,		6.1217e-05
1110,		5.1920e-05,		5.3027e-05,		6.1217e-05
1111,		5.1945e-05,		5.3053e-05,		6.1217e-05
1112,		5.1978e-05,		5.3078e-05,		6.1217e-05
1113,		5.2001e-05,		5.3105e-05,		6.1217e-05
1114,		5.2032e-05,		5.3134e-05,		6.1217e-05
1115,		5.2058e-05,		5.3156e-05,		6.1217e-05
1116,		5.2078e-05,		5.3185e-05,		6.1217e-05
1117,		5.2103e-05,		5.3201e-05,		6.1217e-05
1118,		5.2128e-05,		5.3223e-05,		6.1217e-05
1119,		5.2155e-05,		5.3245e-05,		6.1217e-05
1120,		5.2179e-05,		5.3266e-05,		6.1217e-05
1121,		5.2209e-05,		5.3288e-05,		6.1217e-05
1122,		5.2231e-05,		5.3308e-05,		6.1217e-05
1123,		5.2249e-05,		5.3327e-05,		6.1217e-05
1124,		5.2287e-05,		5.3359e-05,		6.1217e-05
1125,		5.2315e-05,		5.3382e-05,		6.1217e-05
1126,		5.2343e-05,		5.3410e-05,		6.1217e-05
1127,		5.2363e-05,		5.3429e-05,		6.1217e-05
1128,		5.2390e-05,		5.3456e-05,		6.1217e-05
1129,		5.2415e-05,		5.3475e-05,		6.1217e-05
1130,		5.2442e-05,		5.3497e-05,		6.1217e-05
1131,		5.2466e-05,		5.3519e-05,		6.1217e-05
1132,		5.2489e-05,		5.3539e-05,		6.1217e-05
1133,		5.2503e-05,		5.3557e-05,		6.1217e-05
1134,		5.2530e-05,		5.3578e-05,		6.1217e-05
1135,		5.2557e-05,		5.3610e-05,		6.1217e-05
1136,		5.2579e-05,		5.3633e-05,		6.1217e-05
1137,		5.2598e-05,		5.3661e-05,		6.1217e-05
1138,		5.2622e-05,		5.3684e-05,		6.1217e-05
1139,		5.2642e-05,		5.3709e-05,		6.1217e-05
1140,		5.2679e-05,		5.3744e-05,		6.1217e-05
1141,		5.2702e-05,		5.3773e-05,		6.1217e-05
1142,		5.2731e-05,		5.3799e-05,		6.1217e-05
1143,		5.2753e-05,		5.3818e-05,		6.1217e-05
1144,		5.2788e-05,		5.3846e-05,		6.1217e-05
1145,		5.2804e-05,		5.3866e-05,		6.1217e-05
1146,		5.2821e-05,		5.3887e-05,		6.1217e-05
1147,		5.2847e-05,		5.3912e-05,		6.1217e-05
1148,		5.2861e-05,		5.3934e-05,		6.1217e-05
1149,		5.2887e-05,		5.3965e-05,		6.1217e-05
1150,		5.2909e-05,		5.3995e-05,		6.1217e-05
1151,		5.2934e-05,		5.4017e-05,		6.1217e-05
1152,		5.2953e-05,		5.4037e-05,		6.1217e-05
1153,		5.2981e-05,		5.4062e-05,		6.1217e-05
1154,		5.2998e-05,		5.4084e-05,		6.1217e-05
1155,		5.3023e-05,		5.4113e-05,		6.1217e-05
1156,		5.3048e-05,		5.4133e-05,		6.1217e-05
1157,		5.3071e-05,		5.4150e-05,		6.1217e-05
1158,		5.3104e-05,		5.4175e-05,		6.1217e-05
1159,		5.3125e-05,		5.4202e-05,		6.1217e-05
1160,		5.3154e-05,		5.4229e-05,		6.1217e-05
1161,		5.3179e-05,		5.4257e-05,		6.1217e-05
1162,		5.3205e-05,		5.4278e-05,		6.1217e-05
1163,		5.3220e-05,		5.4294e-05,		6.1217e-05
1164,		5.3244e-05,		5.4321e-05,		6.1274e-05
1165,		5.3269e-05,		5.4347e-05,		6.1274e-05
1166,		5.3293e-05,		5.4381e-05,		6.1381e-05
1167,		5.3310e-05,		5.4397e-05,		6.1381e-05
1168,		5.3330e-05,		5.4411e-05,		6.1381e-05
1169,		5.3345e-05,		5.4427e-05,		6.1381e-05
1170,		5.3368e-05,		5.4456e-05,		6.1381e-05
1171,		5.3399e-05,		5.4484e-05,		6.1381e-05
1172,		5.3424e-05,		5.4504e-05,		6.1381e-05
1173,		5.3448e-05,		5.4528e-05,		6.1381e-05
1174,		5.3469e-05,		5.4545e-05,		6.1381e-05
1175,		5.3494e-05,		5.4572e-05,		6.1381e-05
1176,		5.3516e-05,		5.4593e-05,		6.1381e-05
1177,		5.3532e-05,		5.4613e-05,		6.1381e-05
1178,		5.3551e-05,		5.4638e-05,		6.1381e-05
1179,		4.9641e-05,		5.0883e-05,		6.1381e-05
1180,		4.9878e-05,		5.1054e-05,		6.1381e-05
1181,		5.0075e-05,		5.1197e-05,		6.1381e-05
1182,		5.0212e-05,		5.1343e-05,		6.1381e-05
1183,		5.0332e-05,		5.1448e-05,		6.1381e-05
1184,		5.0448e-05,		5.1555e-05,		6.1381e-05
1185,		5.0550e-05,		5.1641e-05,		6.1381e-05
1186,		5.0628e-05,		5.1725e-05,		6.1381e-05
1187,		5.0704e-05,		5.1795e-05,		6.1381e-05
1188,		5.0788e-05,		5.1883e-05,		6.1381e-05
1189,		5.0875e-05,		5.1962e-05,		6.1381e-05
1190,		5.0944e-05,		5.2024e-05,		6.1381e-05
1191,		5.1008e-05,		5.2092e-05,		6.1381e-05
1192,		5.1071e-05,		5.2162e-05,		6.1381e-05
1193,		5.1137e-05,		5.2224e-05,		6.1381e-05
1194,		5.1198e-05,		5.2288e-05,		6.1381e-05
1195,		5.1248e-05,		5.2338e-05,		6.1381e-05
1196,		5.1309e-05,		5.2393e-05,		6.1381e-05
1197,		5.1353e-05,		5.2448e-05,		6.1381e-05
1198,		5.1412e-05,		5.2510e-05,		6.1381e-05
1199,		5.1466e-05,		5.2565e-05,		6.1381e-05
1200,		5.1518e-05,		5.2611e-05,		6.1381e-05
1201,		5.1565e-05,		5.2658e-05,		6.1381e-05
1202,		5.1623e-05,		5.2712e-05,		6.1381e-05
1203,		5.1675e-05,		5.2760e-05,		6.1381e-05
1204,		5.1717e-05,		5.2811e-05,		6.1381e-05
1205,		5.1757e-05,		5.2857e-05,		6.1381e-05
1206,		5.1792e-05,		5.2897e-05,		6.1381e-05
1207,		5.1827e-05,		5.2937e-05,		6.1381e-05
1208,		5.1867e-05,		5.2979e-05,		6.1381e-05
1209,		5.1904e-05,		5.3017e-05,		6.1381e-05
1210,		5.1951e-05,		5.3068e-05,		6.1381e-05
1211,		5.1993e-05,		5.3109e-05,		6.1381e-05
1212,		5.2028e-05,		5.3146e-05,		6.1381e-05
1213,		5.2060e-05,		5.3179e-05,		6.1381e-05
1214,		5.2109e-05,		5.3217e-05,		6.1381e-05
1215,		5.2146e-05,		5.3259e-05,		6.1381e-05
1216,		5.2177e-05,		5.3287e-05,		6.1381e-05
1217,		5.2211e-05,		5.3320e-05,		6.1381e-05
1218,		5.2249e-05,		5.3353e-05,		6.1381e-05
1219,		5.2289e-05,		5.3391e-05,		6.1381e-05
1220,		5.2331e-05,		5.3428e-05,		6.1381e-05
1221,		5.2363e-05,		5.3464e-05,		6.1381e-05
1222,		5.2394e-05,		5.3504e-05,		6.1381e-05
1223,		5.2425e-05,		5.3536e-05,		6.1381e-05
1224,		5.2464e-05,		5.3567e-05,		6.1381e-05
1225,		5.2495e-05,		5.3609e-05,		6.1381e-05
1226,		5.2523e-05,		5.3641e-05,		6.1381e-05
1227,		5.2550e-05,		5.3671e-05,		6.1381e-05
1228,		5.2587e-05,		5.3703e-05,		6.1381e-05
1229,		5.2620e-05,		5.3736e-05,		6.1381e-05
1230,		5.2650e-05,		5.3767e-05,		6.1381e-05
1231,		5.2680e-05,		5.3798e-05,		6.1381e-05
1232,		5.2712e-05,		5.3830e-05,		6.1381e-05
1233,		5.2745e-05,		5.3861e-05,		6.1381e-05
1234,		5.2775e-05,		5.3895e-05,		6.1381e-05
1235,		5.2801e-05,		5.3927e-05,		6.1381e-05
1236,		5.2831e-05,		5.3953e-05,		6.1381e-05
1237,		5.2866e-05,		5.3989e-05,		6.1381e-05
1238,		5.2894e-05,		5.4014e-05,		6.1381e-05
1239,		5.2936e-05,		5.4048e-05,		6.1381e-05
1240,		5.2961e-05,		5.4065e-05,		6.1381e-05
1241,		5.2982e-05,		5.4089e-05,		6.1381e-05
1242,		5.3007e-05,		5.4115e-05,		6.1381e-05
1243,		5.3026e-05,		5.4142e-05,		6.1381e-05
1244,		5.3047e-05,		5.4170e-05,		6.1381e-05
1245,		5.3085e-05,		5.4209e-05,		6.1381e-05
1246,		5.3118e-05,		5.4238e-05,		6.1381e-05
1247,		5.3153e-05,		5.4269e-05,		6.1381e-05
1248,		5.3195e-05,		5.4305e-05,		6.1397e-05
1249,		5.3220e-05,		5.4338e-05,		6.1397e-05
1250,		5.3250e-05,		5.4365e-05,		6.1397e-05
1251,		5.3288e-05,		5.4387e-05,		6.1397e-05
1252,		5.3318e-05,		5.4415e-05,		6.1397e-05
1253,		5.3344e-05,		5.4445e-05,		6.1397e-05
1254,		5.3370e-05,		5.4475e-05,		6.1397e-05
1255,		5.3393e-05,		5.4496e-05,		6.1397e-05
1256,		5.3429e-05,		5.4526e-05,		6.1397e-05
1257,		5.3453e-05,		5.4550e-05,		6.1397e-05
1258,		5.3478e-05,		5.4575e-05,		6.1397e-05
1259,		5.3505e-05,		5.4597e-05,		6.1397e-05
1260,		5.3528e-05,		5.4621e-05,		6.1397e-05
1261,		5.3555e-05,		5.4649e-05,		6.1397e-05
1262,		5.3576e-05,		5.4672e-05,		6.1397e-05
1263,		5.3602e-05,		5.4697e-05,		6.1397e-05
1264,		5.3624e-05,		5.4718e-05,		6.1397e-05
1265,		5.3651e-05,		5.4746e-05,		6.1397e-05
1266,		5.3678e-05,		5.4780e-05,		6.1397e-05
1267,		5.3701e-05,		5.4800e-05,		6.1397e-05
1268,		5.3717e-05,		5.4820e-05,		6.1397e-05
1269,		5.3749e-05,		5.4849e-05,		6.1397e-05
1270,		5.3775e-05,		5.4877e-05,		6.1397e-05
1271,		5.3809e-05,		5.4911e-05,		6.1592e-05
1272,		5.3827e-05,		5.4934e-05,		6.1592e-05
1273,		5.3845e-05,		5.4954e-05,		6.1592e-05
1274,		5.3874e-05,		5.4987e-05,		6.1592e-05
1275,		5.3888e-05,		5.5002e-05,		6.1592e-05
1276,		5.3914e-05,		5.5028e-05,		6.1592e-05
1277,		5.3944e-05,		5.5056e-05,		6.1592e-05
1278,		5.3971e-05,		5.5078e-05,		6.1592e-05
1279,		5.4008e-05,		5.5107e-05,		6.1592e-05
1280,		5.4032e-05,		5.5137e-05,		6.1592e-05
1281,		5.4059e-05,		5.5163e-05,		6.1592e-05
1282,		5.4082e-05,		5.5189e-05,		6.1592e-05
1283,		5.4100e-05,		5.5203e-05,		6.1592e-05
1284,		4.9326e-05,		5.0574e-05,		6.1592e-05
1285,		4.9598e-05,		5.0769e-05,		6.1592e-05
1286,		4.9785e-05,		5.0921e-05,		6.1592e-05
1287,		4.9944e-05,		5.1065e-05,		6.1592e-05
1288,		5.0063e-05,		5.1168e-05,		6.1592e-05
1289,		5.0193e-05,		5.1279e-05,		6.1592e-05
1290,		5.0295e-05,		5.1393e-05,		6.1592e-05
1291,		5.0402e-05,		5.1474e-05,		6.1592e-05
1292,		5.0471e-05,		5.1550e-05,		6.1592e-05
1293,		5.0541e-05,		5.1628e-05,		6.1592e-05
1294,		5.0619e-05,		5.1722e-05,		6.1592e-05
1295,		5.0690e-05,		5.1795e-05,		6.1592e-05
1296,		5.0759e-05,		5.1854e-05,		6.1592e-05
1297,		5.0818e-05,		5.1920e-05,		6.1592e-05
1298,		5.0884e-05,		5.1988e-05,		6.1592e-05
1299,		5.0946e-05,		5.2051e-05,		6.1592e-05
1300,		5.1002e-05,		5.2119e-05,		6.1592e-05
1301,		5.1075e-05,		5.2196e-05,		6.1592e-05
1302,		5.1136e-05,		5.2253e-05,		6.1592e-05
1303,		5.1192e-05,		5.2314e-05,		6.1592e-05
1304,		5.1253e-05,		5.2374e-05,		6.1592e-05
1305,		5.1302e-05,		5.2432e-05,		6.1592e-05
1306,		5.1368e-05,		5.2496e-05,		6.1592e-05
1307,		5.1422e-05,		5.2549e-05,		6.1592e-05
1308,		5.1480e-05,		5.2601e-05,		6.1807e-05
1309,		5.1533e-05,		5.2647e-05,		6.1807e-05
1310,		5.1591e-05,		5.2702e-05,		6.1807e-05
1311,		5.1641e-05,		5.2747e-05,		6.1807e-05
1312,		5.1687e-05,		5.2813e-05,		6.1807e-05
1313,		5.1742e-05,		5.2869e-05,		6.1807e-05
1314,		5.1793e-05,		5.2907e-05,		6.1807e-05
1315,		5.1839e-05,		5.2951e-05,		6.1807e-05
1316,		5.1876e-05,		5.2983e-05,		6.1807e-05
1317,		5.1924e-05,		5.3033e-05,		6.1807e-05
1318,		5.1967e-05,		5.3080e-05,		6.1807e-05
1319,		5.2009e-05,		5.3119e-05,		6.1807e-05
1320,		5.2051e-05,		5.3160e-05,		6.1807e-05
1321,		5.2094e-05,		5.3201e-05,		6.1807e-05
1322,		5.2126e-05,		5.3230e-05,		6.1807e-05
1323,		5.2171e-05,		5.3270e-05,		6.1807e-05
1324,		5.2205e-05,		5.3309e-05,		6.1807e-05
1325,		5.2232e-05,		5.3345e-05,		6.1807e-05
1326,		5.2269e-05,		5.3380e-05,		6.1807e-05
1327,		5.2318e-05,		5.3422e-05,		6.1807e-05
1328,		5.2347e-05,		5.3456e-05,		6.1807e-05
1329,		5.2377e-05,		5.3484e-05,		6.1807e-05
1330,		5.2411e-05,		5.3519e-05,		6.1807e-05
1331,		5.2440e-05,		5.3552e-05,		6.1807e-05
1332,		5.2471e-05,		5.3587e-05,		6.1807e-05
1333,		5.2507e-05,		5.3624e-05,		6.1807e-05
1334,		5.2549e-05,		5.3658e-05,		6.1807e-05
1335,		5.2571e-05,		5.3683e-05,		6.1807e-05
1336,		5.2613e-05,		5.3714e-05,		6.1807e-05
1337,		5.2649e-05,		5.3748e-05,		6.2041e-05
1338,		5.2686e-05,		5.3786e-05,		6.2041e-05
1339,		5.2724e-05,		5.3824e-05,		6.2041e-05
1340,		5.2749e-05,		5.3851e-05,		6.2734e-05
1341,		5.2782e-05,		5.3876e-05,		6.2734e-05
1342,		5.2805e-05,		5.3902e-05,		6.2734e-05
1343,		5.2841e-05,		5.3936e-05,		6.2734e-05
1344,		5.2877e-05,		5.3965e-05,		6.2734e-05
1345,		5.2905e-05,		5.3991e-05,		6.2734e-05
1346,		5.2930e-05,		5.4025e-05,		6.2734e-05
1347,		5.2973e-05,		5.4058e-05,		6.2734e-05
1348,		5.3008e-05,		5.4093e-05,		6.2734e-05
1349,		5.3048e-05,		5.4127e-05,		6.2734e-05
1350,		5.3073e-05,		5.4151e-05,		6.2734e-05
1351,		5.3101e-05,		5.4175e-05,		6.2734e-05
1352,		5.3130e-05,		5.4207e-05,		6.2734e-05
1353,		5.3153e-05,		5.4242e-05,		6.2734e-05
1354,		5.3176e-05,		5.4274e-05,		6.2734e-05
1355,		5.3216e-05,		5.4298e-05,		6.2734e-05
1356,		5.3241e-05,		5.4325e-05,		6.2734e-05
1357,		5.3270e-05,		5.4351e-05,		6.2734e-05
1358,		5.3310e-05,		5.4375e-05,		6.2734e-05
1359,		5.3343e-05,		5.4406e-05,		6.2734e-05
1360,		5.3375e-05,		5.4436e-05,		6.2734e-05
1361,		5.3399e-05,		5.4458e-05,		6.2734e-05
1362,		5.3427e-05,		5.4486e-05,		6.2734e-05
1363,		5.3454e-05,		5.4516e-05,		6.2734e-05
1364,		5.3477e-05,		5.4531e-05,		6.2734e-05
1365,		5.3500e-05,		5.4552e-05,		6.2734e-05
1366,		5.3518e-05,		5.4571e-05,		6.2734e-05
1367,		5.3548e-05,		5.4593e-05,		6.2734e-05
1368,		5.3568e-05,		5.4609e-05,		6.2734e-05
1369,		5.3590e-05,		5.4630e-05,		6.2734e-05
1370,		5.3609e-05,		5.4654e-05,		6.2734e-05
1371,		5.3633e-05,		5.4678e-05,		6.2734e-05
1372,		5.3661e-05,		5.4709e-05,		6.2734e-05
1373,		5.3686e-05,		5.4735e-05,		6.2734e-05
1374,		5.3706e-05,		5.4758e-05,		6.2734e-05
1375,		5.3731e-05,		5.4774e-05,		6.2734e-05
1376,		5.3750e-05,		5.4797e-05,		6.2734e-05
1377,		5.3779e-05,		5.4820e-05,		6.3129e-05
1378,		5.3797e-05,		5.4834e-05,		6.3129e-05
1379,		5.3818e-05,		5.4863e-05,		6.3129e-05
1380,		5.3840e-05,		5.4880e-05,		6.3129e-05
1381,		5.3859e-05,		5.4898e-05,		6.3129e-05
1382,		5.3880e-05,		5.4923e-05,		6.3129e-05
1383,		5.3900e-05,		5.4950e-05,		6.3129e-05
1384,		5.3922e-05,		5.4973e-05,		6.3129e-05
1385,		5.3952e-05,		5.5004e-05,		6.3129e-05
1386,		5.3970e-05,		5.5023e-05,		6.3129e-05
1387,		5.3995e-05,		5.5049e-05,		6.3129e-05
1388,		5.4014e-05,		5.5069e-05,		6.3129e-05
1389,		5.4042e-05,		5.5094e-05,		6.3129e-05
1390,		5.4056e-05,		5.5110e-05,		6.3129e-05
1391,		5.4079e-05,		5.5130e-05,		6.3129e-05
1392,		5.4101e-05,		5.5164e-05,		6.3129e-05
1393,		5.4117e-05,		5.5187e-05,		6.3129e-05
1394,		5.4139e-05,		5.5210e-05,		6.3129e-05
1395,		5.4172e-05,		5.5240e-05,		6.3129e-05
1396,		5.4198e-05,		5.5263e-05,		6.3129e-05
1397,		5.4217e-05,		5.5281e-05,		6.3129e-05
1398,		5.4245e-05,		5.5308e-05,		6.3163e-05
1399,		5.4267e-05,		5.5328e-05,		6.3163e-05
1400,		5.4289e-05,		5.5344e-05,		6.3163e-05
1401,		5.4313e-05,		5.5361e-05,		6.3163e-05
1402,		5.4343e-05,		5.5387e-05,		6.3163e-05
1403,		5.4366e-05,		5.5406e-05,		6.3163e-05
1404,		5.4376e-05,		5.5422e-05,		6.3163e-05
1405,		5.4391e-05,		5.5439e-05,		6.3163e-05
1406,		5.4407e-05,		5.5459e-05,		6.3163e-05
1407,		5.4436e-05,		5.5479e-05,		6.3163e-05
1408,		5.4465e-05,		5.5508e-05,		6.3163e-05
1409,		5.4484e-05,		5.5523e-05,		6.3163e-05
1410,		5.4501e-05,		5.5544e-05,		6.3163e-05
1411,		5.4522e-05,		5.5562e-05,		6.3163e-05
1412,		5.4542e-05,		5.5585e-05,		6.3163e-05
1413,		5.4561e-05,		5.5606e-05,		6.3163e-05
1414,		5.4580e-05,		5.5626e-05,		6.3163e-05
1415,		5.4596e-05,		5.5645e-05,		6.3163e-05
1416,		5.4619e-05,		5.5665e-05,		6.3163e-05
1417,		5.0481e-05,		5.1714e-05,		6.3163e-05
1418,		5.0753e-05,		5.1900e-05,		6.3163e-05
1419,		5.0915e-05,		5.2033e-05,		6.3163e-05
1420,		5.1059e-05,		5.2165e-05,		6.3163e-05
1421,		5.1166e-05,		5.2278e-05,		6.3163e-05
1422,		5.1278e-05,		5.2376e-05,		6.3163e-05
1423,		5.1371e-05,		5.2470e-05,		6.3163e-05
1424,		5.1479e-05,		5.2556e-05,		6.3163e-05
1425,		5.1567e-05,		5.2633e-05,		6.3163e-05
1426,		5.1641e-05,		5.2710e-05,		6.3163e-05
1427,		5.1699e-05,		5.2769e-05,		6.3163e-05
1428,		5.1766e-05,		5.2843e-05,		6.4226e-05
1429,		5.1819e-05,		5.2907e-05,		6.4226e-05
1430,		5.1879e-05,		5.2976e-05,		6.4226e-05
1431,		5.1933e-05,		5.3043e-05,		6.4226e-05
1432,		5.1991e-05,		5.3095e-05,		6.4226e-05
1433,		5.2048e-05,		5.3154e-05,		6.4226e-05
1434,		5.2115e-05,		5.3218e-05,		6.4226e-05
1435,		5.2171e-05,		5.3279e-05,		6.4226e-05
1436,		5.2232e-05,		5.3334e-05,		6.4226e-05
1437,		5.2291e-05,		5.3395e-05,		6.4226e-05
1438,		5.2358e-05,		5.3459e-05,		6.4226e-05
1439,		5.2407e-05,		5.3513e-05,		6.4226e-05
1440,		5.2461e-05,		5.3573e-05,		6.4226e-05
1441,		5.2518e-05,		5.3627e-05,		6.4226e-05
1442,		5.2566e-05,		5.3678e-05,		6.4226e-05
1443,		5.2611e-05,		5.3712e-05,		6.4226e-05
1444,		5.2665e-05,		5.3752e-05,		6.4226e-05
1445,		5.2710e-05,		5.3792e-05,		6.4226e-05
1446,		5.2748e-05,		5.3838e-05,		6.4226e-05
1447,		5.2782e-05,		5.3880e-05,		6.4226e-05
1448,		5.2828e-05,		5.3925e-05,		6.4226e-05
1449,		5.2862e-05,		5.3962e-05,		6.4226e-05
1450,		5.2905e-05,		5.3992e-05,		6.4226e-05
1451,		5.2940e-05,		5.4028e-05,		6.4226e-05
1452,		5.2984e-05,		5.4059e-05,		6.4226e-05
1453,		5.3017e-05,		5.4096e-05,		6.4226e-05
1454,		5.3047e-05,		5.4129e-05,		6.4226e-05
1455,		5.3077e-05,		5.4168e-05,		6.4226e-05
1456,		5.3108e-05,		5.4199e-05,		6.4226e-05
1457,		5.3158e-05,		5.4247e-05,		6.4226e-05
1458,		5.3191e-05,		5.4289e-05,		6.4226e-05
1459,		5.3228e-05,		5.4324e-05,		6.4226e-05
1460,		5.3258e-05,		5.4352e-05,		6.4226e-05
1461,		5.3282e-05,		5.4387e-05,		6.4226e-05
1462,		5.3312e-05,		5.4422e-05,		6.4226e-05
1463,		5.3337e-05,		5.4454e-05,		6.4226e-05
1464,		5.3370e-05,		5.4480e-05,		6.4226e-05
1465,		5.3404e-05,		5.4508e-05,		6.4226e-05
1466,		5.3436e-05,		5.4541e-05,		6.4226e-05
1467,		5.3475e-05,		5.4578e-05,		6.4226e-05
1468,		5.3507e-05,		5.4606e-05,		6.4226e-05
1469,		5.3548e-05,		5.4648e-05,		6.4226e-05
1470,		5.3587e-05,		5.4681e-05,		6.4226e-05
1471,		5.3622e-05,		5.4725e-05,		6.4226e-05
1472,		5.3654e-05,		5.4751e-05,		6.4226e-05
1473,		5.3687e-05,		5.4781e-05,		6.4226e-05
1474,		5.3718e-05,		5.4809e-05,		6.4226e-05
1475,		5.3746e-05,		5.4839e-05,		6.4226e-05
1476,		5.3775e-05,		5.4864e-05,		6.4226e-05
1477,		5.3801e-05,		5.4893e-05,		6.4226e-05
1478,		5.3825e-05,		5.4915e-05,		6.4226e-05
1479,		5.3851e-05,		5.4942e-05,		6.4226e-05
1480,		5.3889e-05,		5.4978e-05,		6.4226e-05
1481,		5.3921e-05,		5.5005e-05,		6.4226e-05
1482,		5.3944e-05,		5.5031e-05,		6.4226e-05
1483,		5.3982e-05,		5.5073e-05,		6.4226e-05
1484,		5.4011e-05,		5.5106e-05,		6.4226e-05
1485,		5.4042e-05,		5.5136e-05,		6.4226e-05
1486,		5.4087e-05,		5.5164e-05,		6.4226e-05
1487,		5.4113e-05,		5.5192e-05,		6.4226e-05
1488,		5.4135e-05,		5.5220e-05,		6.4226e-05
1489,		5.4159e-05,		5.5244e-05,		6.4226e-05
1490,		5.4201e-05,		5.5278e-05,		6.4226e-05
1491,		5.4224e-05,		5.5298e-05,		6.4226e-05
1492,		5.4252e-05,		5.5320e-05,		6.4226e-05
1493,		5.4280e-05,		5.5346e-05,		6.4226e-05
1494,		5.4313e-05,		5.5373e-05,		6.4226e-05
1495,		5.4340e-05,		5.5399e-05,		6.4226e-05
1496,		5.4359e-05,		5.5427e-05,		6.4226e-05
1497,		5.4390e-05,		5.5453e-05,		6.4226e-05
1498,		5.4407e-05,		5.5478e-05,		6.4226e-05
1499,		5.4427e-05,		5.5506e-05,		6.4226e-05
