GEN,	MIN,			AVE,			MAX,
  0,		23902.52,		29288.97,		33884.95
  1,		23556.12,		28059.22,		29378.18
  2,		23553.64,		27518.96,		28552.58
  3,		23472.73,		27103.39,		28042.18
  4,		23285.95,		26767.88,		27620.24
  5,		22927.48,		26474.49,		27290.59
  6,		22724.75,		26246.27,		27011.71
  7,		22724.75,		26037.42,		26768.60
  8,		22373.43,		25858.58,		26556.80
  9,		22373.43,		25672.19,		26371.64
 10,		22284.82,		25504.94,		26185.42
 11,		22284.82,		25359.14,		26035.31
 12,		22132.67,		25208.57,		25886.54
 13,		22010.97,		25062.62,		25745.11
 14,		22010.97,		24934.82,		25609.32
 15,		21929.86,		24803.27,		25477.69
 16,		21929.86,		24671.65,		25350.96
 17,		21758.62,		24551.04,		25218.96
 18,		21758.62,		24454.91,		25105.78
 19,		21758.62,		24351.67,		24995.66
 20,		21758.62,		25198.49,		26015.24
 21,		21682.55,		24988.71,		25724.43
 22,		21593.06,		24817.00,		25512.17
 23,		21593.06,		24678.05,		25353.39
 24,		21593.06,		24537.70,		25189.57
 25,		21336.10,		24412.63,		25058.66
 26,		21284.53,		24303.20,		24938.17
 27,		21284.53,		24209.66,		24826.29
 28,		21284.53,		24114.64,		24728.41
 29,		21257.35,		24034.02,		24648.07
 30,		21036.84,		23948.81,		24556.26
 31,		21036.84,		23863.35,		24469.11
 32,		21036.84,		23777.11,		24381.75
 33,		20925.11,		23691.50,		24300.36
 34,		20893.04,		23611.13,		24222.97
 35,		20613.47,		23539.24,		24149.25
 36,		20613.47,		23473.97,		24075.27
 37,		20399.03,		23407.84,		24003.04
 38,		20399.03,		23330.52,		23923.85
 39,		20399.03,		23264.59,		23849.58
 40,		20399.03,		23209.03,		23795.71
 41,		20399.03,		23152.72,		23736.31
 42,		20399.03,		23105.81,		23668.31
 43,		20399.03,		23052.42,		23610.51
 44,		20399.03,		23005.24,		23559.36
 45,		20399.03,		22954.56,		23506.74
 46,		20399.03,		22903.22,		23450.75
 47,		20399.03,		22860.87,		23402.80
 48,		20399.03,		22820.29,		23361.94
 49,		20268.55,		22778.03,		23313.04
 50,		20154.68,		22733.61,		23262.36
 51,		20154.68,		22690.69,		23215.04
 52,		20154.68,		22654.93,		23179.39
 53,		20154.68,		22616.23,		23143.23
 54,		20122.86,		22578.09,		23101.06
 55,		20122.86,		22535.43,		23054.94
 56,		20122.86,		23735.93,		24442.21
 57,		20122.86,		23565.28,		24208.72
 58,		20122.86,		23434.25,		24044.00
 59,		20122.86,		23327.50,		23923.19
 60,		20122.86,		23237.82,		23809.28
 61,		20122.86,		23147.47,		23715.85
 62,		20122.86,		23058.46,		23619.77
 63,		20122.86,		22977.40,		23542.10
 64,		20122.86,		22910.66,		23462.99
 65,		20122.86,		22846.07,		23398.68
 66,		20122.86,		22788.34,		23334.84
 67,		20122.86,		22733.70,		23273.89
 68,		20122.86,		22681.40,		23209.60
 69,		20122.86,		22617.97,		23150.66
 70,		20122.86,		22565.07,		23091.85
 71,		20122.86,		22519.85,		23049.09
 72,		20122.86,		24070.23,		24786.62
 73,		20122.86,		23894.79,		24557.97
 74,		20122.86,		23759.03,		24376.86
 75,		20122.86,		23638.92,		24243.31
 76,		20055.87,		23542.67,		24123.90
 77,		20055.87,		23443.76,		24022.89
 78,		20055.87,		23349.78,		23920.22
 79,		20055.87,		23270.97,		23837.94
 80,		20055.87,		23193.24,		23753.51
 81,		19714.92,		23113.56,		23684.85
 82,		19714.92,		23048.11,		23608.79
 83,		19714.92,		22984.93,		23537.25
 84,		19714.92,		22922.25,		23470.56
 85,		19714.92,		22863.16,		23407.91
 86,		19714.92,		22804.50,		23340.67
 87,		19714.92,		22746.97,		23285.31
 88,		19714.92,		22708.92,		23238.52
 89,		19714.92,		22660.35,		23193.64
 90,		19714.92,		22616.44,		23145.40
 91,		19701.62,		22569.97,		23099.94
 92,		19701.62,		22517.31,		23048.44
 93,		19701.62,		22467.75,		22986.58
 94,		19604.71,		22427.63,		22944.31
 95,		19508.18,		22386.12,		22905.17
 96,		19508.18,		22338.03,		22856.81
 97,		19508.18,		24040.31,		24766.48
 98,		19508.18,		23870.15,		24522.85
 99,		19508.18,		23737.79,		24355.08
100,		19508.18,		23620.06,		24225.18
101,		19508.18,		23510.90,		24100.42
102,		19508.18,		23412.69,		23995.83
103,		19508.18,		23326.99,		23918.29
104,		19508.18,		23230.58,		23816.34
105,		19508.18,		23151.31,		23738.09
106,		19508.18,		23087.06,		23660.27
107,		19508.18,		23012.59,		23579.25
108,		19508.18,		22939.89,		23508.42
109,		19508.18,		22876.15,		23440.03
110,		19508.18,		22820.54,		23369.60
111,		19508.18,		22768.09,		23313.54
112,		19508.18,		22716.06,		23259.20
113,		19508.18,		22660.77,		23210.17
114,		19508.18,		22608.74,		23157.55
115,		19508.18,		22550.78,		23096.82
116,		19508.18,		22507.95,		23049.58
117,		19508.18,		22464.27,		22998.59
118,		19508.18,		22424.49,		22949.54
119,		19508.18,		22378.08,		22897.81
120,		19508.18,		22343.11,		22850.92
121,		19508.18,		22299.19,		22811.44
122,		19508.18,		22255.85,		22769.15
123,		19508.18,		22212.43,		22723.63
124,		19508.18,		22173.37,		22679.14
125,		19508.18,		22140.62,		22638.49
126,		19508.18,		22102.32,		22601.13
127,		19508.18,		22066.70,		22567.47
128,		19508.18,		22020.83,		22530.61
129,		19508.18,		21985.57,		22488.72
130,		19508.18,		21946.33,		22452.79
131,		19508.18,		21914.08,		22414.02
132,		19491.50,		21872.74,		22372.83
133,		19491.50,		21845.99,		22342.15
134,		19491.50,		21812.43,		22307.51
135,		19491.50,		21784.83,		22279.51
136,		19491.50,		23336.73,		24067.99
137,		19491.50,		23185.50,		23832.22
138,		19491.50,		23058.31,		23662.94
139,		19491.50,		22945.07,		23539.03
140,		19491.50,		22856.09,		23421.18
141,		19491.50,		24671.77,		25440.15
142,		19491.50,		24461.78,		25160.13
143,		19491.50,		24288.51,		24951.20
144,		19229.58,		24134.56,		24797.45
145,		19229.58,		24008.25,		24663.10
146,		19229.58,		23889.94,		24526.62
147,		19229.58,		23786.62,		24410.01
148,		19229.58,		23682.30,		24296.57
149,		19229.58,		23581.00,		24192.53
150,		19229.58,		23489.77,		24104.19
151,		19229.58,		23395.26,		24000.24
152,		19229.58,		23315.78,		23922.19
153,		19229.58,		23254.44,		23850.90
154,		19229.58,		23173.22,		23760.22
155,		19229.58,		23110.23,		23687.69
156,		19229.58,		23044.88,		23618.97
157,		19229.58,		22991.62,		23551.38
158,		19229.58,		22937.59,		23497.25
159,		19229.58,		22879.71,		23441.86
160,		19229.58,		22824.92,		23386.64
161,		19229.58,		22759.93,		23320.94
162,		19229.58,		22706.03,		23266.40
163,		19229.58,		22646.13,		23204.85
164,		19229.58,		22598.65,		23146.53
165,		19229.58,		22555.55,		23104.26
166,		19229.58,		22506.29,		23045.52
167,		19229.58,		22463.00,		23005.18
168,		19229.58,		22418.70,		22947.63
169,		19142.29,		22377.57,		22903.40
170,		19127.19,		22340.96,		22869.23
171,		19127.19,		22297.70,		22828.19
172,		19127.19,		22258.74,		22787.36
173,		19112.73,		22221.87,		22745.60
174,		19112.73,		22188.08,		22714.15
175,		19112.73,		22151.05,		22674.44
176,		19112.73,		22116.06,		22631.61
177,		19112.73,		22087.46,		22599.69
178,		19112.73,		22050.99,		22565.43
179,		19112.73,		22022.82,		22533.00
180,		19112.73,		21990.37,		22497.84
181,		19076.32,		21955.67,		22461.92
182,		19076.32,		21926.96,		22421.56
183,		19076.32,		21891.16,		22387.76
184,		19076.32,		21856.16,		22356.77
185,		19076.32,		21824.29,		22330.62
186,		19076.32,		21792.12,		22290.32
187,		19076.32,		21760.10,		22259.14
188,		19076.32,		21731.60,		22224.50
189,		19076.32,		21705.09,		22198.81
190,		19076.32,		21673.51,		22167.63
191,		19076.32,		21643.98,		22138.19
192,		19076.32,		21612.28,		22101.94
193,		19076.32,		21582.69,		22073.89
194,		19076.32,		21545.93,		22039.15
195,		19076.32,		21526.23,		22016.27
196,		19076.32,		21494.71,		21985.19
197,		19076.32,		21469.87,		21959.40
198,		19076.32,		21443.36,		21933.72
199,		18853.54,		21417.69,		21907.77
200,		18853.54,		21392.67,		21881.58
201,		18849.06,		21369.12,		21859.08
202,		18849.06,		21338.78,		21829.65
203,		18849.06,		21322.71,		21810.97
204,		18525.79,		21296.26,		21784.72
205,		18525.79,		21268.49,		21756.61
206,		18525.79,		21248.50,		21727.39
207,		18525.79,		21223.27,		21697.21
208,		18525.79,		21201.50,		21672.55
209,		18525.79,		21180.60,		21647.94
210,		18525.79,		21153.17,		21620.87
211,		18525.79,		21124.50,		21594.62
212,		18525.79,		21108.22,		21578.37
213,		18495.96,		21087.74,		21557.89
214,		18495.96,		21056.65,		21530.90
215,		18495.96,		21032.88,		21510.63
216,		18495.96,		21011.75,		21484.08
217,		18450.43,		20993.35,		21463.81
218,		18450.43,		20979.99,		21448.56
219,		18450.43,		20960.62,		21426.20
220,		18450.43,		20939.79,		21405.31
221,		18450.43,		20923.27,		21385.91
222,		18450.43,		20901.18,		21362.54
223,		18450.43,		20882.92,		21340.39
224,		18450.43,		20864.30,		21322.23
225,		18450.43,		20843.20,		21301.39
226,		18450.43,		20822.89,		21283.45
227,		18450.43,		20806.49,		21269.55
228,		18433.88,		20791.02,		21249.72
229,		18433.88,		20772.27,		21232.67
230,		18433.88,		20756.53,		21213.31
231,		18433.88,		20739.83,		21198.06
232,		18433.88,		20718.49,		21176.58
233,		18433.88,		20698.97,		21160.57
234,		18433.88,		20678.76,		21135.21
235,		18433.88,		20657.87,		21114.86
236,		18433.88,		20638.60,		21095.83
237,		18433.88,		20623.52,		21079.92
238,		18433.88,		20608.37,		21061.22
239,		18433.88,		22514.45,		23195.48
240,		18433.88,		22353.16,		22976.83
241,		18433.88,		22240.23,		22824.31
242,		18433.88,		22142.02,		22723.05
243,		18433.88,		22056.99,		22623.40
244,		18433.88,		21975.57,		22542.06
245,		18433.88,		21905.32,		22461.06
246,		18433.88,		21834.00,		22370.38
247,		18433.88,		21774.18,		22302.85
248,		18433.88,		21716.93,		22248.78
249,		18433.88,		21667.34,		22184.11
250,		18433.88,		21618.47,		22128.27
251,		18433.88,		21572.38,		22074.88
252,		18433.88,		21532.15,		22020.79
253,		18413.40,		21492.19,		21984.20
254,		18413.40,		21453.75,		21945.42
255,		18413.40,		21418.79,		21908.14
256,		18413.40,		21381.05,		21871.50
257,		18413.40,		21343.29,		21831.81
258,		18413.40,		21303.09,		21788.26
259,		18413.40,		21269.67,		21749.17
260,		18413.40,		21243.83,		21718.00
261,		18413.40,		21214.10,		21688.10
262,		18413.40,		21185.90,		21659.33
263,		18413.40,		21163.76,		21632.48
264,		18413.40,		23211.12,		23910.96
265,		18413.40,		23072.64,		23716.92
266,		18413.40,		22943.99,		23564.17
267,		18413.40,		22849.66,		23428.93
268,		18413.40,		22753.46,		23329.28
269,		18413.40,		22674.26,		23247.32
270,		18413.40,		22605.77,		23164.36
271,		18413.40,		22538.33,		23091.68
272,		18413.40,		22478.49,		23026.57
273,		18413.40,		22412.65,		22962.26
274,		18413.40,		22362.84,		22906.62
275,		18413.40,		22296.22,		22842.50
276,		18413.40,		22241.81,		22786.16
277,		18413.40,		22188.12,		22727.97
278,		18413.40,		22133.95,		22669.09
279,		18413.40,		22087.96,		22608.86
280,		18413.40,		22043.56,		22555.61
281,		18413.40,		22004.35,		22510.46
282,		18413.40,		21956.91,		22464.21
283,		18413.40,		21917.03,		22423.59
284,		18413.40,		21877.88,		22385.41
285,		18413.40,		21842.69,		22343.99
286,		18032.29,		21801.95,		22300.70
287,		18032.29,		23725.72,		24444.06
288,		18032.29,		23554.90,		24213.61
289,		18032.29,		23434.99,		24056.31
290,		18032.29,		23311.67,		23922.42
291,		18032.29,		23211.74,		23811.20
292,		18032.29,		23113.23,		23701.53
293,		18032.29,		23032.45,		23606.63
294,		18032.29,		22954.90,		23522.11
295,		18032.29,		22882.17,		23452.06
296,		18032.29,		22809.07,		23371.99
297,		18032.29,		22753.72,		23308.52
298,		18032.29,		22694.07,		23244.65
299,		18032.29,		22630.19,		23168.41
300,		18032.29,		22569.85,		23108.71
301,		18032.29,		22515.13,		23052.52
302,		18032.29,		22456.23,		22995.10
303,		18032.29,		22399.07,		22939.25
304,		18032.29,		22345.25,		22892.14
305,		18032.29,		22296.77,		22839.19
306,		18032.29,		22248.07,		22790.07
307,		18032.29,		22198.80,		22739.93
308,		18032.29,		22152.99,		22697.44
309,		18032.29,		22108.33,		22651.93
310,		18032.29,		22070.46,		22603.92
311,		18032.29,		22038.29,		22570.33
312,		18032.29,		22000.96,		22531.00
313,		18032.29,		21959.95,		22490.42
314,		18032.29,		21923.26,		22442.51
315,		18032.29,		21889.00,		22401.39
316,		18032.29,		21856.49,		22369.02
317,		18032.29,		21819.90,		22331.69
318,		18032.29,		21782.59,		22293.46
319,		18032.29,		21748.70,		22250.69
320,		18032.29,		21718.12,		22211.26
321,		18032.29,		21682.91,		22176.45
322,		18032.29,		21647.28,		22142.61
323,		18032.29,		21617.51,		22105.49
324,		18032.29,		21586.62,		22076.37
325,		18032.29,		21557.99,		22047.09
326,		18032.29,		21534.31,		22023.33
327,		18032.29,		21503.82,		21992.32
328,		18032.29,		21480.26,		21964.89
329,		18032.29,		21452.49,		21936.48
330,		18032.29,		21423.57,		21909.90
331,		18032.29,		21393.29,		21881.25
332,		18032.29,		21361.74,		21851.88
333,		18032.29,		21334.85,		21820.83
334,		18032.29,		21314.24,		21792.37
335,		18032.29,		21293.50,		21769.35
336,		17952.26,		21272.30,		21747.19
337,		17952.26,		21254.52,		21726.22
338,		17952.26,		21229.32,		21704.45
339,		17952.26,		21209.54,		21684.63
340,		17952.26,		21186.32,		21655.65
341,		17952.26,		21165.82,		21631.68
342,		17952.26,		21148.02,		21612.31
343,		17952.26,		21122.57,		21590.44
344,		17952.26,		21097.34,		21564.83
345,		17952.26,		21079.70,		21542.61
346,		17865.69,		21057.15,		21524.44
347,		17865.69,		21033.91,		21497.42
348,		17865.69,		21011.97,		21477.46
349,		17865.69,		20993.69,		21453.87
350,		17865.69,		20970.50,		21431.22
351,		17865.69,		20949.47,		21404.06
352,		17865.69,		20928.43,		21383.37
353,		17865.69,		20909.03,		21363.76
354,		17865.69,		20888.15,		21342.49
355,		17865.69,		20869.03,		21322.78
356,		17865.69,		20849.98,		21306.60
357,		17865.69,		20827.89,		21287.08
358,		17865.69,		20808.65,		21272.40
359,		17865.69,		20791.25,		21253.19
360,		17865.69,		20776.98,		21234.42
361,		17865.69,		20756.07,		21211.58
362,		17865.69,		20743.99,		21198.93
363,		17865.69,		20724.99,		21179.00
364,		17865.69,		20708.66,		21159.65
365,		17865.69,		20695.44,		21143.95
366,		17865.69,		20684.01,		21124.63
367,		17865.69,		20667.32,		21106.11
368,		17865.69,		20653.66,		21090.96
369,		17865.69,		20635.36,		21072.57
370,		17865.69,		20621.32,		21056.99
371,		17865.69,		20602.50,		21039.51
372,		17865.69,		20586.86,		21020.20
373,		17865.69,		20574.76,		21007.72
374,		17865.69,		20563.94,		20992.76
375,		17865.69,		20544.50,		20978.32
376,		17865.69,		20529.98,		20965.70
377,		17865.69,		20511.98,		20947.20
378,		17865.69,		20498.23,		20926.32
379,		17865.69,		20486.95,		20913.78
380,		17865.69,		20471.19,		20899.65
381,		17865.69,		20456.82,		20887.41
382,		17865.69,		20440.15,		20872.00
383,		17865.69,		20433.02,		20862.31
384,		17865.69,		20418.77,		20846.85
385,		17865.69,		20400.63,		20826.83
386,		17865.69,		20387.77,		20812.25
387,		17865.69,		20368.45,		20793.11
388,		17865.69,		20352.33,		20781.24
389,		17865.69,		20336.36,		20766.96
390,		17865.69,		20322.40,		20751.57
391,		17865.69,		20307.03,		20737.31
392,		17865.69,		20290.16,		20722.13
393,		17865.69,		20276.24,		20708.78
394,		17865.69,		20263.18,		20691.34
395,		17865.69,		20256.54,		20681.40
396,		17865.69,		20241.90,		20662.73
397,		17865.69,		20230.62,		20652.34
398,		17865.69,		20217.67,		20638.87
399,		17865.69,		20201.54,		20624.43
400,		17865.69,		20186.61,		20609.14
401,		17865.69,		20175.28,		20593.22
402,		17865.69,		20164.62,		20580.65
403,		17865.69,		20153.98,		20568.76
404,		17865.69,		20141.14,		20553.08
405,		17865.69,		20130.94,		20542.18
406,		17865.69,		20120.14,		20529.66
407,		17865.69,		20105.86,		20516.75
408,		17865.69,		20092.71,		20502.60
409,		17865.69,		20083.31,		20491.67
410,		17865.69,		20070.72,		20479.96
411,		17865.69,		20059.91,		20466.97
412,		17865.69,		20049.54,		20452.99
413,		17865.69,		20036.24,		20440.94
414,		17811.13,		20020.93,		20426.46
415,		17811.13,		20008.18,		20414.62
416,		17811.13,		19997.76,		20403.79
417,		17811.13,		19979.71,		20386.08
418,		17811.13,		19964.99,		20372.39
419,		17811.13,		19954.64,		20362.49
420,		17811.13,		19941.56,		20345.33
421,		17811.13,		19926.58,		20327.94
422,		17811.13,		19912.90,		20318.65
423,		17811.13,		19902.44,		20306.86
424,		17811.13,		19885.87,		20291.54
425,		17811.13,		19875.15,		20280.20
426,		17811.13,		19866.02,		20268.21
427,		17811.13,		19855.84,		20256.40
428,		17811.13,		19839.72,		20241.75
429,		17811.13,		19826.37,		20230.38
430,		17811.13,		19816.42,		20220.51
431,		17811.13,		19806.94,		20208.70
432,		17811.13,		19799.27,		20198.76
433,		17811.13,		19785.53,		20183.73
434,		17811.13,		19777.14,		20175.80
435,		17811.13,		19764.07,		20162.99
436,		17811.13,		19754.01,		20148.47
437,		17811.13,		19744.39,		20138.57
438,		17811.13,		19735.26,		20128.05
439,		17811.13,		19724.85,		20118.80
440,		17811.13,		19711.80,		20108.08
441,		17811.13,		19700.87,		20097.02
442,		17781.14,		19688.62,		20085.22
443,		17781.14,		19678.69,		20074.22
444,		17781.14,		19669.89,		20062.85
445,		17781.14,		19657.20,		20050.60
446,		17781.14,		19647.25,		20035.59
447,		17505.27,		19631.31,		20021.31
448,		17505.27,		19619.92,		20006.07
449,		17505.27,		19608.00,		19992.49
450,		17505.27,		19597.99,		19983.01
451,		17505.27,		19589.17,		19974.15
452,		17505.27,		19577.53,		19958.31
453,		17505.27,		19568.24,		19947.73
454,		17505.27,		19558.58,		19937.54
455,		17476.43,		19547.51,		19929.69
456,		17476.43,		19537.42,		19920.47
457,		17476.43,		19525.75,		19910.21
458,		17476.43,		19516.42,		19901.47
459,		17476.43,		21458.45,		22076.61
460,		17476.43,		21328.87,		21886.50
461,		17476.43,		21229.19,		21751.56
462,		17476.43,		21142.47,		21651.32
463,		17476.43,		21051.18,		21560.01
464,		17476.43,		20984.59,		21476.44
465,		17474.46,		20916.38,		21395.72
466,		17364.63,		20857.89,		21323.43
467,		17364.63,		20809.41,		21267.57
468,		17364.63,		20753.92,		21212.21
469,		17364.63,		20712.47,		21161.10
470,		17364.63,		20667.27,		21121.57
471,		17364.63,		20625.52,		21085.52
472,		17364.63,		20588.22,		21048.95
473,		17364.63,		20549.44,		21010.72
474,		17364.63,		20513.66,		20979.85
475,		17364.63,		20480.07,		20943.99
476,		17364.63,		20446.54,		20907.72
477,		17364.63,		20416.90,		20879.30
478,		17364.63,		20390.18,		20841.03
479,		17364.63,		20352.48,		20811.53
480,		17364.63,		20320.76,		20785.09
481,		17364.63,		20293.53,		20752.92
482,		17364.63,		20261.02,		20715.85
483,		17364.63,		20231.11,		20687.93
484,		17364.63,		20204.02,		20665.62
485,		17364.63,		20176.08,		20630.07
486,		17364.63,		20150.94,		20602.59
487,		17364.63,		20123.00,		20577.80
488,		17364.63,		20105.93,		20552.93
489,		17364.63,		20078.53,		20520.36
490,		17364.63,		20056.13,		20491.20
491,		17364.63,		20030.89,		20471.99
492,		17349.56,		20008.04,		20442.72
493,		17349.56,		19985.99,		20421.08
494,		17349.56,		19965.66,		20401.28
495,		17349.56,		19944.09,		20381.24
496,		17349.56,		19925.82,		20360.94
497,		17349.56,		19906.49,		20337.63
498,		17349.56,		19891.19,		20321.36
499,		17349.56,		19870.48,		20300.24
500,		17349.56,		19849.22,		20278.46
501,		17349.56,		19838.29,		20265.86
502,		17349.56,		19818.56,		20245.69
503,		17349.56,		19798.18,		20227.58
504,		17349.56,		19781.05,		20211.82
505,		17349.56,		19765.31,		20193.34
506,		17349.56,		19748.96,		20176.03
507,		17349.56,		19734.94,		20159.66
508,		17349.56,		19721.39,		20142.27
509,		17349.56,		19709.72,		20132.35
510,		17349.56,		19694.64,		20115.88
511,		17349.56,		19678.28,		20100.64
512,		17349.56,		19661.99,		20085.20
513,		17349.56,		19649.08,		20071.45
514,		17349.56,		19635.02,		20058.02
515,		17349.56,		19623.57,		20043.99
516,		17349.56,		19609.78,		20024.78
517,		17349.56,		19594.06,		20008.93
518,		17349.56,		19578.63,		19996.24
519,		17349.56,		19568.88,		19984.19
520,		17349.56,		19557.60,		19970.45
521,		17349.56,		19544.47,		19957.99
522,		17349.56,		21975.71,		22631.99
523,		17349.56,		21839.71,		22430.20
524,		17349.56,		21726.31,		22277.40
525,		17285.18,		21619.80,		22160.19
526,		17285.18,		21543.81,		22072.66
527,		17285.18,		21479.29,		21997.52
528,		17285.18,		21423.26,		21934.67
529,		17285.18,		21362.81,		21854.26
530,		17285.18,		21308.85,		21809.19
531,		17285.18,		21244.65,		21737.60
532,		17285.18,		21197.08,		21687.18
533,		17285.18,		21145.05,		21641.07
534,		17285.18,		21105.05,		21590.04
535,		17285.18,		21057.03,		21533.12
536,		17285.18,		21022.38,		21503.32
537,		17285.18,		20981.12,		21457.99
538,		17285.18,		20948.56,		21421.28
539,		17285.18,		20916.09,		21380.59
540,		17285.18,		20886.90,		21350.98
541,		17285.18,		20848.54,		21321.34
542,		17285.18,		20811.60,		21285.42
543,		17285.18,		20791.44,		21257.44
544,		17285.18,		20763.83,		21230.39
545,		17285.18,		20741.12,		21201.18
546,		17285.18,		20717.75,		21170.03
547,		17285.18,		20690.42,		21144.53
548,		17285.18,		20659.34,		21115.45
549,		17285.18,		20635.03,		21088.57
550,		17285.18,		20609.22,		21061.20
551,		17285.18,		20582.77,		21036.50
552,		17285.18,		20556.25,		21003.74
553,		17285.18,		20533.62,		20981.40
554,		17285.18,		20515.47,		20956.19
555,		17227.18,		20490.38,		20932.29
556,		17227.18,		20466.79,		20913.17
557,		17227.18,		20445.72,		20887.72
558,		17227.18,		20429.46,		20871.46
559,		17227.18,		20409.71,		20849.90
560,		17227.18,		20388.32,		20825.28
561,		17227.18,		20365.94,		20804.77
562,		17227.18,		20342.97,		20786.85
563,		17227.18,		20325.35,		20768.56
564,		17227.18,		20305.81,		20744.89
565,		17227.18,		20288.67,		20717.50
566,		17227.18,		20270.12,		20693.48
567,		17227.18,		20247.97,		20673.17
568,		17227.18,		20228.22,		20653.40
569,		17227.18,		20212.49,		20642.13
570,		17227.18,		20194.71,		20622.32
571,		17227.18,		20174.74,		20608.22
572,		17227.18,		20159.02,		20589.26
573,		17227.18,		20141.96,		20571.92
574,		17227.18,		20124.41,		20552.70
575,		17227.18,		20109.98,		20537.73
576,		17227.18,		20092.53,		20519.65
577,		17227.18,		20074.10,		20500.07
578,		17227.18,		20060.59,		20484.24
579,		17227.18,		20042.46,		20468.72
580,		17227.18,		20023.43,		20450.19
581,		17227.18,		20008.33,		20433.66
582,		17227.18,		22307.63,		22999.39
583,		17227.18,		22152.31,		22774.83
584,		17227.18,		22023.13,		22600.78
585,		17227.18,		21915.01,		22484.78
586,		17227.18,		21823.89,		22384.01
587,		17227.18,		21738.47,		22291.03
588,		17227.18,		21668.70,		22205.80
589,		17227.18,		21603.54,		22133.06
590,		17227.18,		21547.82,		22064.05
591,		17227.18,		21494.18,		22001.90
592,		17227.18,		21441.19,		21949.35
593,		17227.18,		21395.79,		21897.16
594,		17227.18,		21348.16,		21843.52
595,		17227.18,		21299.11,		21800.86
596,		17227.18,		21263.33,		21757.42
597,		17227.18,		21223.54,		21707.31
598,		17227.18,		21183.89,		21672.66
599,		17227.18,		21145.15,		21631.53
600,		17227.18,		21115.94,		21594.76
601,		17227.18,		21085.58,		21563.52
602,		17227.18,		21051.60,		21527.86
603,		17227.18,		21022.05,		21498.61
604,		17227.18,		20987.02,		21471.56
605,		17227.18,		20956.45,		21437.45
606,		17227.18,		20923.36,		21405.53
607,		17227.18,		20893.92,		21378.92
608,		17227.18,		20864.78,		21348.55
609,		17227.18,		20832.85,		21316.70
610,		17227.18,		20811.12,		21283.41
611,		17227.18,		20793.24,		21265.25
612,		17227.18,		20764.76,		21239.12
613,		17227.18,		22704.93,		23415.18
614,		17227.18,		22522.20,		23164.40
615,		17227.18,		22404.78,		23012.58
616,		17227.18,		22292.21,		22866.76
617,		17227.18,		22200.19,		22753.33
618,		17227.18,		22117.12,		22663.52
619,		17227.18,		22041.36,		22581.45
620,		17227.18,		21982.80,		22512.35
621,		17227.18,		21916.95,		22451.06
622,		17227.18,		21858.55,		22384.09
623,		17227.18,		21802.80,		22324.36
624,		17078.15,		21751.24,		22280.41
625,		17078.15,		21704.82,		22227.03
626,		17078.15,		21660.83,		22178.78
627,		17078.15,		21607.73,		22117.97
628,		17078.15,		21558.33,		22062.57
629,		17078.15,		21520.48,		22021.78
630,		17078.15,		21482.31,		21977.83
631,		17078.15,		21437.03,		21929.12
632,		17078.15,		21399.32,		21886.51
633,		17078.15,		21357.27,		21844.93
634,		17078.15,		21317.06,		21796.34
635,		17078.15,		21278.14,		21758.06
636,		17078.15,		21249.11,		21724.99
637,		17078.15,		21211.12,		21687.70
638,		17078.15,		21178.22,		21656.32
639,		17078.15,		21153.07,		21632.07
640,		17078.15,		21120.10,		21599.04
641,		17078.15,		21093.10,		21570.72
642,		17078.15,		21061.14,		21536.85
643,		17078.15,		21030.43,		21505.32
644,		17078.15,		21000.13,		21473.25
645,		17078.15,		20973.18,		21442.74
646,		17078.15,		20945.35,		21410.31
647,		17078.15,		20923.30,		21378.82
648,		17078.15,		20899.41,		21349.29
649,		17078.15,		20875.66,		21328.82
650,		17078.15,		20852.01,		21304.97
651,		17078.15,		20834.65,		21284.50
652,		17078.15,		20804.83,		21253.11
653,		17078.15,		20777.95,		21225.58
654,		17078.15,		20753.94,		21199.92
655,		17078.15,		20730.22,		21178.74
656,		17078.15,		20706.17,		21155.98
657,		17078.15,		20687.71,		21131.46
658,		17078.15,		20658.60,		21101.56
659,		17078.15,		20641.82,		21077.07
660,		17078.15,		20620.12,		21058.38
661,		17078.15,		20602.12,		21037.87
662,		17078.15,		20582.10,		21019.83
663,		17078.15,		20562.08,		20997.17
664,		17078.15,		20538.34,		20974.18
665,		17078.15,		20518.81,		20954.38
666,		17078.15,		20498.99,		20936.34
667,		17078.15,		20476.58,		20915.93
668,		17078.15,		20458.15,		20896.86
669,		17078.15,		20435.48,		20871.70
670,		17078.15,		20415.77,		20852.15
671,		17078.15,		20397.73,		20832.61
672,		17078.15,		20376.45,		20809.81
673,		16841.38,		20358.80,		20789.09
674,		16841.38,		20339.21,		20773.13
675,		16841.38,		20319.95,		20752.87
676,		16841.38,		20301.56,		20733.73
677,		16841.38,		20282.49,		20719.44
678,		16841.38,		20262.94,		20701.45
679,		16841.38,		20246.10,		20684.08
680,		16841.38,		20228.69,		20668.18
681,		16841.38,		20213.94,		20649.66
682,		16841.38,		20202.24,		20638.84
683,		16841.38,		20185.22,		20621.65
684,		16841.38,		20169.10,		20604.87
685,		16841.38,		20153.38,		20587.85
686,		16841.38,		20135.25,		20566.54
687,		16841.38,		20117.11,		20545.94
688,		16841.38,		20103.65,		20528.96
689,		16841.38,		20090.86,		20512.78
690,		16841.38,		20074.49,		20501.52
691,		16841.38,		20058.65,		20488.49
692,		16841.38,		20045.10,		20473.16
693,		16841.38,		20033.39,		20462.57
694,		16841.38,		20019.94,		20449.77
695,		16841.38,		20001.42,		20430.40
696,		16841.38,		19987.97,		20418.69
697,		16841.38,		19973.03,		20405.97
698,		16841.38,		19959.95,		20392.65
699,		16841.38,		19949.29,		20381.35
700,		16841.38,		19933.32,		20361.62
701,		16841.38,		19919.26,		20342.54
702,		16841.38,		19905.22,		20331.91
703,		16841.38,		19889.52,		20315.21
704,		16841.38,		19877.31,		20304.65
705,		16841.38,		19861.15,		20285.58
706,		16841.38,		19850.01,		20273.89
707,		16841.38,		19836.53,		20259.42
708,		16841.38,		19822.26,		20244.62
709,		16818.40,		19809.22,		20234.36
710,		16818.40,		19793.86,		20217.06
711,		16818.40,		19778.40,		20203.82
712,		16818.40,		19762.11,		20190.53
713,		16818.40,		19745.69,		20174.63
714,		16818.40,		19731.69,		20164.28
715,		16818.40,		19716.28,		20148.24
716,		16818.40,		19706.57,		20135.14
717,		16818.40,		19696.06,		20125.61
718,		16818.40,		19682.10,		20113.18
719,		16818.40,		19667.69,		20097.11
720,		16818.40,		19658.41,		20085.90
721,		16818.40,		19645.42,		20073.96
722,		16818.40,		19631.07,		20055.19
723,		16818.40,		19618.89,		20042.77
724,		16818.40,		19604.72,		20030.80
725,		16818.40,		19593.32,		20015.92
726,		16818.40,		19580.09,		20002.54
727,		16750.52,		19565.96,		19988.11
728,		16750.52,		19552.41,		19974.81
729,		16750.52,		19541.48,		19964.92
730,		16750.52,		19528.51,		19952.72
731,		16750.52,		19517.04,		19943.76
732,		16750.52,		19502.85,		19927.14
733,		16745.87,		19484.80,		19914.01
734,		16745.87,		19474.31,		19901.94
735,		16745.87,		19459.97,		19887.03
736,		16745.87,		19447.35,		19871.12
737,		16745.87,		19434.48,		19858.23
738,		16745.87,		19422.24,		19844.47
739,		16745.87,		19410.37,		19831.10
740,		16745.87,		19399.49,		19819.61
741,		16745.87,		19391.10,		19807.58
742,		16745.87,		19378.99,		19799.08
743,		16745.87,		19362.26,		19785.81
744,		16745.87,		19350.03,		19771.11
745,		16745.87,		19339.62,		19762.52
746,		16706.53,		19327.40,		19749.74
747,		16706.53,		19319.51,		19739.28
748,		16706.53,		19313.00,		19731.50
749,		16706.53,		19303.45,		19717.87
750,		16706.53,		19291.78,		19709.33
751,		16706.53,		19282.65,		19696.61
752,		16706.53,		19272.66,		19686.72
753,		16706.53,		19261.38,		19674.54
754,		16706.53,		19252.78,		19661.68
755,		16706.53,		19244.61,		19651.47
756,		16706.53,		19237.76,		19641.31
757,		16706.53,		19231.06,		19633.62
758,		16706.53,		19224.00,		19622.89
759,		16706.53,		19213.37,		19612.39
760,		16706.53,		19205.50,		19600.29
761,		16706.53,		19194.24,		19591.79
762,		16706.53,		19185.58,		19582.56
763,		16706.53,		19176.60,		19570.88
764,		16706.53,		19169.51,		19561.35
765,		16706.53,		19158.71,		19552.50
766,		16706.53,		19149.40,		19539.35
767,		16706.53,		19142.44,		19531.60
768,		16706.53,		19133.55,		19522.25
769,		16706.53,		19122.28,		19512.37
770,		16706.53,		19112.90,		19498.23
771,		16706.53,		19099.73,		19487.44
772,		16706.53,		19090.72,		19475.68
773,		16706.53,		19080.70,		19464.46
774,		16706.53,		19072.47,		19454.90
775,		16706.53,		19061.68,		19447.18
776,		16706.53,		19052.34,		19439.06
777,		16706.53,		19042.83,		19429.20
778,		16706.53,		19035.34,		19418.13
779,		16706.53,		19027.83,		19406.42
780,		16706.53,		19019.36,		19395.24
781,		16706.53,		19009.32,		19383.85
782,		16706.53,		18996.09,		19376.05
783,		16706.53,		18985.12,		19363.77
784,		16706.53,		18975.48,		19355.42
785,		16706.53,		18968.56,		19350.40
786,		16706.53,		18957.83,		19341.19
787,		16706.53,		20970.62,		21574.90
788,		16706.53,		20834.70,		21381.56
789,		16706.53,		20733.43,		21247.10
790,		16706.53,		20648.47,		21140.94
791,		16706.53,		20569.96,		21053.69
792,		16706.53,		20506.24,		20988.79
793,		16706.53,		20442.47,		20921.18
794,		16706.53,		20378.18,		20855.74
795,		16706.53,		20314.21,		20783.45
796,		16706.53,		20265.27,		20728.50
797,		16706.53,		20217.10,		20678.06
798,		16706.53,		20170.44,		20630.03
799,		16706.53,		20125.26,		20582.29
800,		16706.53,		20088.13,		20542.88
801,		16706.53,		20047.97,		20496.45
802,		16706.53,		20009.47,		20458.84
803,		16706.53,		19978.56,		20424.19
804,		16706.53,		19950.50,		20390.79
805,		16706.53,		19920.57,		20357.43
806,		16706.53,		19886.53,		20319.67
807,		16706.53,		19847.76,		20285.21
808,		16706.53,		19812.15,		20251.71
809,		16706.53,		19792.84,		20225.60
810,		16706.53,		19770.45,		20203.21
811,		16706.53,		19748.67,		20175.11
812,		16706.53,		19729.67,		20158.67
813,		16706.53,		19709.09,		20133.52
814,		16706.53,		19688.67,		20108.23
815,		16706.53,		19672.41,		20086.70
816,		16706.53,		19652.76,		20067.07
817,		16706.53,		19629.49,		20042.94
818,		16706.53,		19611.84,		20028.32
819,		16706.53,		19583.66,		20000.20
820,		16706.53,		19565.25,		19980.13
821,		16706.53,		19546.81,		19964.84
822,		16706.53,		19527.65,		19944.44
823,		16706.53,		19507.59,		19924.61
824,		16706.53,		19495.37,		19912.11
825,		16706.53,		19478.56,		19892.73
826,		16706.53,		19462.74,		19872.73
827,		16706.53,		19446.86,		19854.46
828,		16706.53,		19430.67,		19835.11
829,		16706.53,		19414.11,		19815.99
830,		16706.53,		19403.26,		19799.81
831,		16706.53,		19383.45,		19782.59
832,		16706.53,		19358.86,		19762.57
833,		16706.53,		19345.52,		19750.44
834,		16706.53,		19331.12,		19732.21
835,		16706.53,		19318.31,		19714.36
836,		16706.53,		19303.14,		19699.29
837,		16706.53,		19286.88,		19682.41
838,		16706.53,		19271.92,		19667.11
839,		16706.53,		19260.59,		19654.75
840,		16706.53,		19243.35,		19637.31
841,		16706.53,		19229.61,		19622.79
842,		16706.53,		19215.78,		19607.75
843,		16706.53,		19201.36,		19594.54
844,		16706.53,		19189.67,		19581.58
845,		16706.53,		19176.21,		19567.19
846,		16706.53,		19161.72,		19556.10
847,		16706.53,		19146.94,		19540.63
848,		16706.53,		19135.22,		19531.51
849,		16706.53,		19124.71,		19516.49
850,		16706.53,		19112.40,		19505.25
851,		16706.53,		19100.17,		19491.28
852,		16706.53,		19088.85,		19478.81
853,		16706.53,		19074.99,		19464.39
854,		16706.53,		19062.78,		19447.37
855,		16706.53,		19051.12,		19437.40
856,		16706.53,		19035.39,		19421.76
857,		16706.53,		19025.30,		19409.88
858,		16706.53,		19013.29,		19399.07
859,		16706.53,		19003.26,		19386.92
860,		16706.53,		18995.15,		19375.30
861,		16706.53,		18981.96,		19364.45
862,		16706.53,		18972.08,		19352.08
863,		16706.53,		18962.58,		19344.14
864,		16706.53,		18950.83,		19332.39
865,		16706.53,		18938.92,		19320.28
866,		16706.53,		18927.67,		19308.32
867,		16706.53,		18911.23,		19292.60
868,		16706.53,		18902.46,		19283.30
869,		16706.53,		18894.10,		19273.22
870,		16706.53,		18883.06,		19263.20
871,		16706.53,		18869.86,		19250.15
872,		16706.53,		18857.32,		19240.68
873,		16706.53,		18850.39,		19230.99
874,		16706.53,		18837.23,		19220.47
875,		16706.53,		18828.52,		19212.18
876,		16706.53,		18817.47,		19199.86
877,		16706.53,		18804.51,		19186.81
878,		16706.53,		18796.16,		19178.14
879,		16706.53,		18786.57,		19166.53
880,		16706.53,		18775.50,		19157.90
881,		16706.53,		18767.09,		19149.84
882,		16706.53,		18760.61,		19138.36
883,		16706.53,		18753.24,		19126.30
884,		16706.53,		18745.65,		19117.64
885,		16706.53,		18734.88,		19109.61
886,		16706.53,		18727.81,		19100.22
887,		16706.53,		18718.73,		19090.96
888,		16706.53,		18710.37,		19081.43
889,		16706.53,		18701.36,		19071.79
890,		16706.53,		18690.83,		19062.59
891,		16706.53,		18679.31,		19052.99
892,		16706.53,		18672.41,		19044.61
893,		16706.53,		18664.50,		19036.53
894,		16706.53,		18657.43,		19030.33
895,		16706.53,		18649.11,		19022.28
896,		16706.53,		18640.52,		19015.05
897,		16706.53,		18631.90,		19004.98
898,		16706.53,		18625.15,		18999.49
899,		16706.53,		18616.35,		18989.86
900,		16706.53,		18608.32,		18982.58
901,		16706.53,		18600.58,		18975.39
902,		16706.53,		18591.26,		18966.14
903,		16706.53,		18583.45,		18957.40
904,		16706.53,		18578.28,		18950.99
905,		16706.53,		18572.94,		18942.55
906,		16706.53,		18564.47,		18934.78
907,		16706.53,		18556.59,		18924.68
908,		16706.53,		18550.49,		18912.49
909,		16706.53,		18541.43,		18904.88
910,		16706.53,		18531.80,		18895.89
911,		16706.53,		18525.87,		18891.36
912,		16706.53,		18518.37,		18886.35
913,		16706.53,		18508.64,		18877.40
914,		16706.53,		18501.53,		18871.36
915,		16706.53,		18493.09,		18862.97
916,		16706.53,		18483.11,		18852.94
917,		16706.53,		18473.43,		18841.24
918,		16706.53,		18466.03,		18834.48
919,		16706.53,		18459.69,		18828.38
920,		16706.53,		18452.81,		18820.81
921,		16706.53,		18445.58,		18815.31
922,		16706.53,		18438.63,		18806.20
923,		16706.53,		18430.28,		18795.52
924,		16706.53,		18420.66,		18786.39
925,		16650.55,		18410.28,		18774.34
926,		16650.55,		18400.01,		18768.78
927,		16650.55,		20813.51,		21407.34
928,		16650.55,		20674.54,		21219.31
929,		16650.55,		20564.92,		21077.08
930,		16650.55,		20464.44,		20978.02
931,		16650.55,		20385.13,		20884.19
932,		16650.55,		20311.57,		20798.75
933,		16650.55,		20247.45,		20724.24
934,		16650.55,		20186.84,		20655.64
935,		16650.55,		20132.71,		20593.49
936,		16650.55,		20086.82,		20544.13
937,		16650.55,		20035.97,		20486.10
938,		16650.55,		20001.80,		20451.95
939,		16650.55,		19969.40,		20411.23
940,		16650.55,		22342.93,		23026.42
941,		16650.55,		22179.30,		22792.31
942,		16650.55,		22056.94,		22637.00
943,		16650.55,		21950.25,		22507.58
944,		16650.55,		21844.21,		22403.15
945,		16650.55,		21747.33,		22302.94
946,		16650.55,		21669.94,		22214.23
947,		16536.09,		21593.08,		22132.33
948,		16536.09,		21523.95,		22064.73
949,		16536.09,		21455.06,		21977.88
950,		16536.09,		21390.60,		21910.10
951,		16536.09,		21333.58,		21845.96
952,		16536.09,		21283.58,		21790.97
953,		16536.09,		21235.87,		21742.48
954,		16536.09,		21191.07,		21687.26
955,		16536.09,		21141.18,		21629.43
956,		16536.09,		21094.36,		21579.56
957,		16536.09,		21047.98,		21527.65
958,		16536.09,		21007.45,		21488.36
959,		16536.09,		20964.91,		21450.21
960,		16536.09,		20926.65,		21413.40
961,		16536.09,		20885.13,		21369.33
962,		16536.09,		20841.97,		21326.10
963,		16536.09,		20802.76,		21275.57
964,		16536.09,		20765.79,		21241.67
965,		16536.09,		20727.99,		21193.42
966,		16536.09,		20693.46,		21158.89
967,		16536.09,		20663.80,		21120.54
968,		16536.09,		20631.64,		21089.87
969,		16536.09,		20599.16,		21056.26
970,		16536.09,		20568.74,		21024.78
971,		16536.09,		20534.46,		20991.36
972,		16536.09,		20502.21,		20965.78
973,		16536.09,		20475.47,		20937.91
974,		16536.09,		22525.94,		23237.76
975,		16536.09,		22372.43,		23011.10
976,		16536.09,		22235.31,		22838.97
977,		16536.09,		22128.78,		22718.48
978,		16536.09,		22032.95,		22615.54
979,		16536.09,		21955.35,		22523.64
980,		16476.05,		21874.00,		22432.71
981,		16476.05,		21812.24,		22367.22
982,		16476.05,		21739.83,		22288.94
983,		16476.05,		21675.45,		22226.26
984,		16476.05,		21615.76,		22151.56
985,		16476.05,		21564.41,		22089.83
986,		16476.05,		21509.99,		22027.35
987,		16476.05,		21460.80,		21971.41
988,		16476.05,		21408.18,		21921.58
989,		16476.05,		21362.96,		21876.03
990,		16476.05,		21319.53,		21831.70
991,		16476.05,		21276.83,		21790.86
992,		16476.05,		21231.88,		21741.21
993,		16476.05,		21192.70,		21692.86
994,		16476.05,		21153.53,		21652.61
995,		16476.05,		21110.99,		21608.04
996,		16476.05,		21070.36,		21565.87
997,		16476.05,		21039.04,		21535.85
998,		16476.05,		20998.49,		21497.05
999,		16476.05,		20965.34,		21469.00
1000,		16476.05,		20934.53,		21438.25
1001,		16476.05,		20904.58,		21409.49
1002,		16476.05,		20869.39,		21380.27
1003,		16476.05,		20834.20,		21339.57
1004,		16476.05,		20798.25,		21301.47
1005,		16476.05,		20766.49,		21261.83
1006,		16476.05,		20737.41,		21238.04
1007,		16476.05,		20704.52,		21203.98
1008,		16476.05,		20680.01,		21170.78
1009,		16476.05,		20652.54,		21143.35
1010,		16476.05,		20626.16,		21117.26
1011,		16476.05,		20599.67,		21088.87
1012,		16476.05,		20578.40,		21065.34
1013,		16476.05,		20559.22,		21040.40
1014,		16476.05,		20537.26,		21016.14
1015,		16476.05,		20508.53,		20987.12
1016,		16476.05,		20483.10,		20953.35
1017,		16476.05,		20457.69,		20925.57
1018,		16476.05,		20429.22,		20896.16
1019,		16476.05,		20401.96,		20869.97
1020,		16476.05,		20383.40,		20845.38
1021,		16476.05,		20359.38,		20821.88
1022,		16476.05,		20345.49,		20806.85
1023,		16476.05,		20322.91,		20778.16
1024,		16476.05,		20294.75,		20742.49
1025,		16476.05,		20277.07,		20719.57
1026,		16476.05,		20255.14,		20697.37
1027,		16476.05,		20231.85,		20671.16
1028,		16476.05,		20215.66,		20651.96
1029,		16476.05,		20192.64,		20630.46
1030,		16476.05,		20173.11,		20609.01
1031,		16476.05,		20157.30,		20594.25
1032,		16476.05,		20132.84,		20573.08
1033,		16476.05,		20113.26,		20553.10
1034,		16476.05,		20092.76,		20530.95
1035,		16476.05,		20074.37,		20513.11
1036,		16476.05,		20059.19,		20495.81
1037,		16476.05,		20036.23,		20471.53
1038,		16476.05,		20016.99,		20453.87
1039,		16476.05,		19997.87,		20435.19
1040,		16476.05,		19980.74,		20414.23
1041,		16476.05,		19961.25,		20392.24
1042,		16476.05,		19945.49,		20373.27
1043,		16476.05,		19929.44,		20355.31
1044,		16476.05,		19912.74,		20331.28
1045,		16476.05,		19896.69,		20312.60
1046,		16476.05,		19881.44,		20296.77
1047,		16476.05,		19866.28,		20280.96
1048,		16476.05,		19848.05,		20266.67
1049,		16476.05,		19830.07,		20247.40
1050,		16476.05,		19816.74,		20234.69
1051,		16476.05,		19800.19,		20218.78
1052,		16476.05,		19785.77,		20202.84
1053,		16476.05,		19770.86,		20184.37
1054,		16476.05,		19759.10,		20170.18
1055,		16476.05,		19745.91,		20154.38
1056,		16476.05,		19725.13,		20136.06
1057,		16476.05,		19715.51,		20122.79
1058,		16476.05,		19703.89,		20112.34
1059,		16476.05,		19688.90,		20098.72
1060,		16476.05,		19673.35,		20080.34
1061,		16476.05,		19660.03,		20064.35
1062,		16476.05,		19646.44,		20049.66
1063,		16476.05,		19632.86,		20033.28
1064,		16476.05,		19622.03,		20022.68
1065,		16476.05,		19610.07,		20010.03
1066,		16476.05,		19598.12,		19999.20
1067,		16476.05,		19583.50,		19981.62
1068,		16476.05,		19573.80,		19969.53
1069,		16476.05,		19561.99,		19959.43
1070,		16476.05,		19546.25,		19943.99
1071,		16476.05,		19532.08,		19931.09
1072,		16476.05,		19517.73,		19919.12
1073,		16476.05,		19505.22,		19904.81
1074,		16476.05,		19491.50,		19891.83
1075,		16476.05,		19482.83,		19880.70
1076,		16476.05,		19473.22,		19871.38
1077,		16476.05,		19462.79,		19858.05
1078,		16476.05,		19450.21,		19848.72
1079,		16476.05,		19433.59,		19830.44
1080,		16476.05,		19417.23,		19816.21
1081,		16476.05,		19405.97,		19802.76
1082,		16476.05,		19397.00,		19793.41
1083,		16476.05,		19385.27,		19783.44
1084,		16476.05,		19375.46,		19772.69
1085,		16476.05,		19368.63,		19765.96
1086,		16476.05,		19358.74,		19752.08
1087,		16476.05,		19346.62,		19737.72
1088,		16476.05,		19329.36,		19724.41
1089,		16476.05,		19318.79,		19712.12
1090,		16476.05,		19303.77,		19699.82
1091,		16476.05,		19292.58,		19690.08
1092,		16476.05,		19279.34,		19679.98
1093,		16476.05,		19267.14,		19668.28
1094,		16476.05,		19255.60,		19653.35
1095,		16476.05,		19245.60,		19644.56
1096,		16476.05,		19229.22,		19630.19
1097,		16476.05,		19219.58,		19617.73
1098,		16476.05,		19205.94,		19608.55
1099,		16476.05,		19193.89,		19596.16
1100,		16476.05,		19180.56,		19583.44
1101,		16476.05,		19168.58,		19571.70
1102,		16476.05,		19157.55,		19562.37
1103,		16476.05,		19148.90,		19548.77
1104,		16476.05,		19139.08,		19538.45
1105,		16476.05,		19129.71,		19529.47
1106,		16476.05,		19117.16,		19517.58
1107,		16476.05,		19105.81,		19505.50
1108,		16476.05,		19095.34,		19494.54
1109,		16476.05,		19085.69,		19486.74
1110,		16476.05,		19075.87,		19477.48
1111,		16476.05,		19065.65,		19467.38
1112,		16476.05,		19056.38,		19454.04
1113,		16476.05,		19045.39,		19444.60
1114,		16476.05,		19033.90,		19431.78
1115,		16476.05,		19025.34,		19420.86
1116,		16476.05,		19013.78,		19412.94
1117,		16476.05,		19007.62,		19402.68
1118,		16476.05,		18999.08,		19393.01
1119,		16476.05,		18990.22,		19381.95
1120,		16476.05,		18981.65,		19371.84
1121,		16476.05,		18973.01,		19359.70
1122,		16476.05,		18965.22,		19350.73
1123,		16476.05,		18957.83,		19343.39
1124,		16476.05,		18945.43,		19328.77
1125,		16476.05,		18936.66,		19317.37
1126,		16476.05,		18925.58,		19305.79
1127,		16476.05,		18918.03,		19297.63
1128,		16476.05,		18907.67,		19286.73
1129,		16476.05,		18900.21,		19277.25
1130,		16476.05,		18891.79,		19266.30
1131,		16476.05,		18884.00,		19256.83
1132,		16476.05,		18876.02,		19248.11
1133,		16476.05,		18868.83,		19242.46
1134,		16476.05,		18860.89,		19231.63
1135,		16476.05,		18848.87,		19220.73
1136,		16476.05,		18840.13,		19211.72
1137,		16476.05,		18829.57,		19204.22
1138,		16476.05,		18820.62,		19194.83
1139,		16476.05,		18810.99,		19186.61
1140,		16476.05,		18798.64,		19172.90
1141,		16476.05,		18787.23,		19163.30
1142,		16476.05,		18777.35,		19151.86
1143,		16476.05,		18769.90,		19142.99
1144,		16476.05,		18759.20,		19129.38
1145,		16476.05,		18751.26,		19122.99
1146,		16476.05,		18743.42,		19116.60
1147,		16476.05,		18734.40,		19106.70
1148,		16476.05,		18726.12,		19101.19
1149,		16476.05,		18714.72,		19091.10
1150,		16476.05,		18703.24,		19082.08
1151,		16476.05,		18694.95,		19072.92
1152,		16476.05,		18687.36,		19065.14
1153,		16476.05,		18677.82,		19054.16
1154,		16476.05,		18669.43,		19047.21
1155,		16476.05,		18658.80,		19037.62
1156,		16476.05,		18651.41,		19028.22
1157,		16476.05,		18644.76,		19019.21
1158,		16476.05,		18635.31,		19006.58
1159,		16476.05,		18625.30,		18998.64
1160,		16476.05,		18615.39,		18987.35
1161,		16476.05,		18604.90,		18977.76
1162,		16476.05,		18597.21,		18968.23
1163,		16476.05,		18590.83,		18962.38
1164,		16460.26,		18581.17,		18953.34
1165,		16460.26,		18571.28,		18943.76
1166,		16439.03,		18559.03,		18934.42
1167,		16439.03,		18553.34,		18928.26
1168,		16439.03,		18548.23,		18920.89
1169,		16439.03,		18542.22,		18915.09
1170,		16439.03,		18532.35,		18907.39
1171,		16439.03,		18521.75,		18895.16
1172,		16439.03,		18515.17,		18886.28
1173,		16439.03,		18505.97,		18876.72
1174,		16439.03,		18499.97,		18868.38
1175,		16439.03,		18490.02,		18858.90
1176,		16439.03,		18481.97,		18850.24
1177,		16439.03,		18474.90,		18844.48
1178,		16439.03,		18465.41,		18837.04
1179,		16439.03,		20557.93,		21160.08
1180,		16439.03,		20427.01,		20966.77
1181,		16439.03,		20323.98,		20814.38
1182,		16439.03,		20224.76,		20713.86
1183,		16439.03,		20152.58,		20629.15
1184,		16439.03,		20084.07,		20547.27
1185,		16439.03,		20026.64,		20474.68
1186,		16439.03,		19974.00,		20424.92
1187,		16439.03,		19930.69,		20378.91
1188,		16439.03,		19879.94,		20325.70
1189,		16439.03,		19833.25,		20271.06
1190,		16439.03,		19796.62,		20228.69
1191,		16439.03,		19758.21,		20189.48
1192,		16439.03,		19719.25,		20151.67
1193,		16439.03,		19683.22,		20111.17
1194,		16439.03,		19649.22,		20076.02
1195,		16439.03,		19622.19,		20047.42
1196,		16439.03,		19591.93,		20013.21
1197,		16439.03,		19563.39,		19987.62
1198,		16439.03,		19531.18,		19955.03
1199,		16439.03,		19500.80,		19924.77
1200,		16439.03,		19476.29,		19894.54
1201,		16439.03,		19451.97,		19868.47
1202,		16439.03,		19424.17,		19835.74
1203,		16439.03,		19400.13,		19808.65
1204,		16439.03,		19374.62,		19786.58
1205,		16439.03,		19352.09,		19764.80
1206,		16439.03,		19332.11,		19745.62
1207,		16439.03,		19312.85,		19727.93
1208,		16439.03,		19291.72,		19706.46
1209,		16439.03,		19272.36,		19686.92
1210,		16439.03,		19247.46,		19663.74
1211,		16439.03,		19227.27,		19642.92
1212,		16439.03,		19208.79,		19625.16
1213,		16439.03,		19193.17,		19609.51
1214,		16439.03,		19173.88,		19584.32
1215,		16439.03,		19153.48,		19565.67
1216,		16439.03,		19139.99,		19550.18
1217,		16439.03,		19125.23,		19534.28
1218,		16439.03,		19110.69,		19515.36
1219,		16439.03,		19092.98,		19496.68
1220,		16439.03,		19076.12,		19476.10
1221,		16439.03,		19059.88,		19459.99
1222,		16439.03,		19041.47,		19446.31
1223,		16439.03,		19026.81,		19430.96
1224,		16439.03,		19013.01,		19413.22
1225,		16439.03,		18995.04,		19399.74
1226,		16439.03,		18981.02,		19386.76
1227,		16439.03,		18967.88,		19373.60
1228,		16439.03,		18954.05,		19357.60
1229,		16439.03,		18939.37,		19342.50
1230,		16439.03,		18925.88,		19328.41
1231,		16439.03,		18912.49,		19315.31
1232,		16439.03,		18898.99,		19300.27
1233,		16439.03,		18885.08,		19284.89
1234,		16439.03,		18869.76,		19271.60
1235,		16439.03,		18855.73,		19259.06
1236,		16439.03,		18844.08,		19245.51
1237,		16439.03,		18829.52,		19230.95
1238,		16439.03,		18818.89,		19218.71
1239,		16439.03,		18803.46,		19199.87
1240,		16439.03,		18796.43,		19188.38
1241,		16439.03,		18785.78,		19179.26
1242,		16439.03,		18775.36,		19168.52
1243,		16439.03,		18763.59,		19159.95
1244,		16439.03,		18751.90,		19150.63
1245,		16439.03,		18735.61,		19133.55
1246,		16439.03,		18723.92,		19119.55
1247,		16439.03,		18710.19,		19103.52
1248,		16434.36,		18695.67,		19085.33
1249,		16434.36,		18682.25,		19074.90
1250,		16434.36,		18670.63,		19062.19
1251,		16434.36,		18662.00,		19046.50
1252,		16434.36,		18651.10,		19034.48
1253,		16434.36,		18639.27,		19024.09
1254,		16434.36,		18626.70,		19011.93
1255,		16434.36,		18618.16,		19002.35
1256,		16434.36,		18606.25,		18987.62
1257,		16434.36,		18597.03,		18977.47
1258,		16434.36,		18587.47,		18967.29
1259,		16434.36,		18578.10,		18956.21
1260,		16434.36,		18568.63,		18946.65
1261,		16434.36,		18556.69,		18935.08
1262,		16434.36,		18546.53,		18925.97
1263,		16434.36,		18536.41,		18914.90
1264,		16434.36,		18528.13,		18905.83
1265,		16434.36,		18517.06,		18894.51
1266,		16434.36,		18503.65,		18883.08
1267,		16434.36,		18495.98,		18873.66
1268,		16434.36,		18487.61,		18867.02
1269,		16434.36,		18475.68,		18853.71
1270,		16434.36,		18465.42,		18843.67
1271,		16381.04,		18451.71,		18829.14
1272,		16381.04,		18442.25,		18821.00
1273,		16381.04,		18434.47,		18813.17
1274,		16381.04,		18421.80,		18801.24
1275,		16381.04,		18416.22,		18796.09
1276,		16381.04,		18406.47,		18785.78
1277,		16381.04,		18396.06,		18774.08
1278,		16381.04,		18387.28,		18763.23
1279,		16381.04,		18375.83,		18748.17
1280,		16381.04,		18364.32,		18738.60
1281,		16381.04,		18354.94,		18727.28
1282,		16381.04,		18345.29,		18718.56
1283,		16381.04,		18339.81,		18711.64
1284,		16381.04,		20764.23,		21378.12
1285,		16381.04,		20617.33,		21158.72
1286,		16381.04,		20506.39,		21015.42
1287,		16381.04,		20405.20,		20895.75
1288,		16381.04,		20335.15,		20810.57
1289,		16381.04,		20263.90,		20720.12
1290,		16381.04,		20192.39,		20653.77
1291,		16381.04,		20142.27,		20583.12
1292,		16381.04,		20096.13,		20538.66
1293,		16381.04,		20049.66,		20494.14
1294,		16381.04,		19998.07,		20445.81
1295,		16381.04,		19956.31,		20401.27
1296,		16381.04,		19920.71,		20358.62
1297,		16381.04,		19882.51,		20322.79
1298,		16381.04,		19844.86,		20283.91
1299,		16381.04,		19810.51,		20249.06
1300,		16381.04,		19773.86,		20217.79
1301,		16381.04,		19732.18,		20173.94
1302,		16381.04,		19701.88,		20141.42
1303,		16381.04,		19669.43,		20110.02
1304,		16381.04,		19638.15,		20075.32
1305,		16381.04,		19607.79,		20048.01
1306,		16381.04,		19574.40,		20013.29
1307,		16381.04,		19548.14,		19983.65
1308,		16323.68,		19520.96,		19951.73
1309,		16323.68,		19497.92,		19924.90
1310,		16323.68,		19470.61,		19893.52
1311,		16323.68,		19447.41,		19867.24
1312,		16323.68,		19414.69,		19844.51
1313,		16323.68,		19388.86,		19816.22
1314,		16323.68,		19369.16,		19790.01
1315,		16323.68,		19348.28,		19768.01
1316,		16323.68,		19333.57,		19750.08
1317,		16323.68,		19309.82,		19726.44
1318,		16323.68,		19286.69,		19705.54
1319,		16323.68,		19268.64,		19684.25
1320,		16323.68,		19249.23,		19663.18
1321,		16323.68,		19230.59,		19642.33
1322,		16323.68,		19216.69,		19626.94
1323,		16323.68,		19198.31,		19606.04
1324,		16323.68,		19180.01,		19588.64
1325,		16323.68,		19163.28,		19576.48
1326,		16323.68,		19147.64,		19558.77
1327,		16323.68,		19128.12,		19534.91
1328,		16323.68,		19112.77,		19521.30
1329,		16323.68,		19099.79,		19507.10
1330,		16323.68,		19085.12,		19492.19
1331,		16323.68,		19070.42,		19478.53
1332,		16323.68,		19054.87,		19463.65
1333,		16323.68,		19037.92,		19447.24
1334,		16323.68,		19023.79,		19428.40
1335,		16323.68,		19012.28,		19417.49
1336,		16323.68,		18998.12,		19397.92
1337,		16248.13,		18982.63,		19381.36
1338,		16248.13,		18965.95,		19364.26
1339,		16248.13,		18949.81,		19346.84
1340,		16117.33,		18939.97,		19335.79
1341,		16117.33,		18928.85,		19321.37
1342,		16117.33,		18918.20,		19311.64
1343,		16117.33,		18903.25,		19294.50
1344,		16117.33,		18890.38,		19278.35
1345,		16117.33,		18879.05,		19266.02
1346,		16117.33,		18864.93,		19255.08
1347,		16117.33,		18850.58,		19235.79
1348,		16117.33,		18835.88,		19221.09
1349,		16117.33,		18821.68,		19204.23
1350,		16117.33,		18811.36,		19192.83
1351,		16117.33,		18801.17,		19180.83
1352,		16117.33,		18787.74,		19167.91
1353,		16117.33,		18773.61,		19158.00
1354,		16117.33,		18760.78,		19148.45
1355,		16117.33,		18750.71,		19130.83
1356,		16117.33,		18739.53,		19119.98
1357,		16117.33,		18728.13,		19107.59
1358,		16117.33,		18718.59,		19091.52
1359,		16117.33,		18705.33,		19077.41
1360,		16117.33,		18693.03,		19063.28
1361,		16117.33,		18683.74,		19053.06
1362,		16117.33,		18672.53,		19041.10
1363,		16117.33,		18661.04,		19029.65
1364,		16117.33,		18655.10,		19020.02
1365,		16117.33,		18646.58,		19010.30
1366,		16117.33,		18638.78,		19002.95
1367,		16117.33,		18629.56,		18989.83
1368,		16117.33,		18623.56,		18982.04
1369,		16117.33,		18614.65,		18972.99
1370,		16117.33,		18605.22,		18965.26
1371,		16117.33,		18595.75,		18955.06
1372,		16117.33,		18582.82,		18943.51
1373,		16117.33,		18572.35,		18933.40
1374,		16117.33,		18562.98,		18924.91
1375,		16117.33,		18556.19,		18915.18
1376,		16117.33,		18546.81,		18906.97
1377,		16015.94,		18538.39,		18895.62
1378,		16015.94,		18532.60,		18889.08
1379,		16015.94,		18521.33,		18880.35
1380,		16015.94,		18514.35,		18871.30
1381,		16015.94,		18507.92,		18863.46
1382,		16015.94,		18498.64,		18854.71
1383,		16015.94,		18488.13,		18846.74
1384,		16015.94,		18479.60,		18838.92
1385,		16015.94,		18467.42,		18826.69
1386,		16015.94,		18459.90,		18819.00
1387,		16015.94,		18449.53,		18809.20
1388,		16015.94,		18441.71,		18801.71
1389,		16015.94,		18431.44,		18789.47
1390,		16015.94,		18425.73,		18784.39
1391,		16015.94,		18418.18,		18775.53
1392,		16015.94,		18404.70,		18766.21
1393,		16015.94,		18394.96,		18759.10
1394,		16015.94,		18385.37,		18749.44
1395,		16015.94,		18373.39,		18736.31
1396,		16015.94,		18364.16,		18725.71
1397,		16015.94,		18357.58,		18718.12
1398,		16005.00,		18348.22,		18708.01
1399,		16005.00,		18340.54,		18698.87
1400,		16005.00,		18334.24,		18690.24
1401,		16005.00,		18327.85,		18680.62
1402,		16005.00,		18317.47,		18668.66
1403,		16005.00,		18310.22,		18659.83
1404,		16005.00,		18304.49,		18655.71
1405,		16005.00,		18297.93,		18649.57
1406,		16005.00,		18290.01,		18642.79
1407,		16005.00,		18281.94,		18631.10
1408,		16005.00,		18271.12,		18619.67
1409,		16005.00,		18265.37,		18612.96
1410,		16005.00,		18258.40,		18606.44
1411,		16005.00,		18251.65,		18598.51
1412,		16005.00,		18243.16,		18590.98
1413,		16005.00,		18235.50,		18584.00
1414,		16005.00,		18228.85,		18577.08
1415,		16005.00,		18222.37,		18570.92
1416,		16005.00,		18215.22,		18562.67
1417,		16005.00,		20366.49,		20960.72
1418,		16005.00,		20230.45,		20741.47
1419,		16005.00,		20134.53,		20616.92
1420,		16005.00,		20044.23,		20515.21
1421,		16005.00,		19970.84,		20440.09
1422,		16005.00,		19906.89,		20362.12
1423,		16005.00,		19846.41,		20298.41
1424,		16005.00,		19791.48,		20227.28
1425,		16005.00,		19745.47,		20170.06
1426,		16005.00,		19700.26,		20122.01
1427,		16005.00,		19666.47,		20087.62
1428,		15822.21,		19624.51,		20045.38
1429,		15822.21,		19586.97,		20012.68
1430,		15822.21,		19547.30,		19977.35
1431,		15822.21,		19509.94,		19944.46
1432,		15822.21,		19482.05,		19911.18
1433,		15822.21,		19448.51,		19877.67
1434,		15822.21,		19412.96,		19839.22
1435,		15822.21,		19379.70,		19806.08
1436,		15822.21,		19350.63,		19773.20
1437,		15822.21,		19319.00,		19740.61
1438,		15822.21,		19287.15,		19705.98
1439,		15822.21,		19260.01,		19679.84
1440,		15822.21,		19228.72,		19649.90
1441,		15822.21,		19201.62,		19618.86
1442,		15822.21,		19176.60,		19591.90
1443,		15822.21,		19158.97,		19568.57
1444,		15822.21,		19139.02,		19540.60
1445,		15822.21,		19119.15,		19516.53
1446,		15822.21,		19098.52,		19497.61
1447,		15822.21,		19078.55,		19480.32
1448,		15822.21,		19057.50,		19457.96
1449,		15822.21,		19040.17,		19440.67
1450,		15822.21,		19025.37,		19418.99
1451,		15822.21,		19007.99,		19400.88
1452,		15822.21,		18993.40,		19380.43
1453,		15822.21,		18976.28,		19364.33
1454,		15822.21,		18960.00,		19349.18
1455,		15822.21,		18942.34,		19334.33
1456,		15822.21,		18927.07,		19318.68
1457,		15822.21,		18905.85,		19295.69
1458,		15822.21,		18886.27,		19279.43
1459,		15822.21,		18869.91,		19262.04
1460,		15822.21,		18856.97,		19247.62
1461,		15822.21,		18841.24,		19235.96
1462,		15822.21,		18824.74,		19222.09
1463,		15822.21,		18809.92,		19209.43
1464,		15822.21,		18798.36,		19193.19
1465,		15822.21,		18785.27,		19175.78
1466,		15822.21,		18770.66,		19162.51
1467,		15822.21,		18754.87,		19145.88
1468,		15822.21,		18742.51,		19130.90
1469,		15822.21,		18723.66,		19111.53
1470,		15822.21,		18710.39,		19094.40
1471,		15822.21,		18693.08,		19079.82
1472,		15822.21,		18681.86,		19066.06
1473,		15822.21,		18669.10,		19051.87
1474,		15822.21,		18656.62,		19037.10
1475,		15822.21,		18642.78,		19024.90
1476,		15822.21,		18632.06,		19011.90
1477,		15822.21,		18620.17,		19000.13
1478,		15822.21,		18610.41,		18989.64
1479,		15822.21,		18599.37,		18977.63
1480,		15822.21,		18583.35,		18960.61
1481,		15822.21,		18571.68,		18945.85
1482,		15822.21,		18560.63,		18935.89
1483,		15822.21,		18542.91,		18919.52
1484,		15822.21,		18529.45,		18907.28
1485,		15822.21,		18516.97,		18894.12
1486,		15822.21,		18504.68,		18873.21
1487,		15822.21,		18492.84,		18862.04
1488,		15822.21,		18481.31,		18851.70
1489,		15822.21,		18471.14,		18841.23
1490,		15822.21,		18458.00,		18823.45
1491,		15822.21,		18449.47,		18812.92
1492,		15822.21,		18440.62,		18801.42
1493,		15822.21,		18429.96,		18788.62
1494,		15822.21,		18418.83,		18775.31
1495,		15822.21,		18408.17,		18763.95
1496,		15822.21,		18398.16,		18756.72
1497,		15822.21,		18386.94,		18743.92
1498,		15822.21,		18376.34,		18736.28
1499,		15822.21,		18366.08,		18728.01
