GEN,	MIN,			AVE,			MAX,
  0,		3.0051e-05,		3.4283e-05,		4.0025e-05
  1,		3.4182e-05,		3.5785e-05,		4.1888e-05
  2,		3.5130e-05,		3.6476e-05,		4.1888e-05
  3,		3.5705e-05,		3.7004e-05,		4.1888e-05
  4,		3.6247e-05,		3.7465e-05,		4.1888e-05
  5,		3.6664e-05,		3.7800e-05,		4.1888e-05
  6,		3.7038e-05,		3.8130e-05,		4.1888e-05
  7,		3.7340e-05,		3.8397e-05,		4.3823e-05
  8,		3.7617e-05,		3.8701e-05,		4.3823e-05
  9,		3.7948e-05,		3.9015e-05,		4.6531e-05
 10,		3.8215e-05,		3.9252e-05,		4.6531e-05
 11,		3.8459e-05,		3.9513e-05,		4.6531e-05
 12,		3.8673e-05,		3.9718e-05,		4.6531e-05
 13,		3.8918e-05,		3.9930e-05,		4.6531e-05
 14,		3.9096e-05,		4.0109e-05,		4.7965e-05
 15,		3.9253e-05,		4.0298e-05,		4.7965e-05
 16,		3.9460e-05,		4.0493e-05,		4.7965e-05
 17,		3.9648e-05,		4.0676e-05,		4.7965e-05
 18,		3.9799e-05,		4.0832e-05,		4.7965e-05
 19,		3.9933e-05,		4.1000e-05,		4.7965e-05
 20,		4.0114e-05,		4.1175e-05,		4.7965e-05
 21,		4.0273e-05,		4.1332e-05,		4.7965e-05
 22,		4.0453e-05,		4.1506e-05,		4.7965e-05
 23,		4.0622e-05,		4.1645e-05,		4.7965e-05
 24,		4.0769e-05,		4.1759e-05,		4.7965e-05
 25,		4.0881e-05,		4.1880e-05,		4.7965e-05
 26,		4.1029e-05,		4.2034e-05,		4.7965e-05
 27,		4.1152e-05,		4.2145e-05,		4.7965e-05
 28,		4.1255e-05,		4.2268e-05,		4.8396e-05
 29,		4.1353e-05,		4.2378e-05,		4.8396e-05
 30,		4.1493e-05,		4.2515e-05,		4.8396e-05
 31,		4.1607e-05,		4.2637e-05,		4.8396e-05
 32,		4.1710e-05,		4.2733e-05,		4.8396e-05
 33,		4.1830e-05,		4.2830e-05,		4.8396e-05
 34,		4.1929e-05,		4.2932e-05,		4.8396e-05
 35,		4.2038e-05,		4.3010e-05,		4.8396e-05
 36,		4.2098e-05,		4.3109e-05,		4.8396e-05
 37,		4.2144e-05,		4.3186e-05,		4.8396e-05
 38,		4.2221e-05,		4.3292e-05,		4.8396e-05
 39,		4.2345e-05,		4.3419e-05,		4.8396e-05
 40,		4.2450e-05,		4.3535e-05,		4.8396e-05
 41,		4.2531e-05,		4.3623e-05,		4.8396e-05
 42,		4.2636e-05,		4.3730e-05,		4.8396e-05
 43,		4.2748e-05,		4.3829e-05,		4.8396e-05
 44,		4.2826e-05,		4.3900e-05,		4.8396e-05
 45,		4.2939e-05,		4.3974e-05,		5.2123e-05
 46,		4.3035e-05,		4.4074e-05,		5.2123e-05
 47,		4.3123e-05,		4.4157e-05,		5.2123e-05
 48,		4.3202e-05,		4.4231e-05,		5.2123e-05
 49,		4.3283e-05,		4.4314e-05,		5.2123e-05
 50,		4.3351e-05,		4.4397e-05,		5.2123e-05
 51,		4.3424e-05,		4.4477e-05,		5.2123e-05
 52,		4.3478e-05,		4.4565e-05,		5.2123e-05
 53,		4.3564e-05,		4.4655e-05,		5.2123e-05
 54,		4.3636e-05,		4.4731e-05,		5.2123e-05
 55,		4.3706e-05,		4.4813e-05,		5.2123e-05
 56,		4.3793e-05,		4.4901e-05,		5.2123e-05
 57,		4.3851e-05,		4.4979e-05,		5.2123e-05
 58,		4.3970e-05,		4.5048e-05,		5.2123e-05
 59,		4.4024e-05,		4.5097e-05,		5.2123e-05
 60,		4.4066e-05,		4.5158e-05,		5.2123e-05
 61,		4.4132e-05,		4.5239e-05,		5.2123e-05
 62,		4.4212e-05,		4.5291e-05,		5.2123e-05
 63,		4.4280e-05,		4.5373e-05,		5.2123e-05
 64,		4.4344e-05,		4.5455e-05,		5.2123e-05
 65,		4.4435e-05,		4.5519e-05,		5.2123e-05
 66,		4.4520e-05,		4.5591e-05,		5.2123e-05
 67,		4.4605e-05,		4.5638e-05,		5.2123e-05
 68,		4.4643e-05,		4.5680e-05,		5.2123e-05
 69,		4.4717e-05,		4.5742e-05,		5.2123e-05
 70,		4.4804e-05,		4.5793e-05,		5.2123e-05
 71,		4.4861e-05,		4.5840e-05,		5.2123e-05
 72,		4.4944e-05,		4.5916e-05,		5.2123e-05
 73,		4.5012e-05,		4.6028e-05,		5.2123e-05
 74,		4.5097e-05,		4.6094e-05,		5.2123e-05
 75,		4.5176e-05,		4.6150e-05,		5.2123e-05
 76,		4.5213e-05,		4.6194e-05,		5.2123e-05
 77,		4.5247e-05,		4.6228e-05,		5.2123e-05
 78,		4.5310e-05,		4.6298e-05,		5.2123e-05
 79,		4.5380e-05,		4.6367e-05,		5.2123e-05
 80,		4.5426e-05,		4.6417e-05,		5.2123e-05
 81,		4.5447e-05,		4.6461e-05,		5.2123e-05
 82,		4.5516e-05,		4.6528e-05,		5.2123e-05
 83,		4.5591e-05,		4.6578e-05,		5.2123e-05
 84,		4.5618e-05,		4.6612e-05,		5.2123e-05
 85,		4.5687e-05,		4.6697e-05,		5.4276e-05
 86,		4.5743e-05,		4.6740e-05,		5.4276e-05
 87,		4.5777e-05,		4.6801e-05,		5.4276e-05
 88,		4.5834e-05,		4.6878e-05,		5.4276e-05
 89,		4.5900e-05,		4.6937e-05,		5.4276e-05
 90,		4.5970e-05,		4.7014e-05,		5.4276e-05
 91,		4.6014e-05,		4.7050e-05,		5.4276e-05
 92,		4.6079e-05,		4.7120e-05,		5.4276e-05
 93,		4.6107e-05,		4.7153e-05,		5.4276e-05
 94,		4.6174e-05,		4.7210e-05,		5.4276e-05
 95,		4.6202e-05,		4.7229e-05,		5.4276e-05
 96,		4.6239e-05,		4.7298e-05,		5.4276e-05
 97,		4.6286e-05,		4.7342e-05,		5.4276e-05
 98,		4.6334e-05,		4.7408e-05,		5.4276e-05
 99,		4.6369e-05,		4.7439e-05,		5.4276e-05
100,		4.6412e-05,		4.7477e-05,		5.4276e-05
101,		4.6490e-05,		4.7565e-05,		5.4276e-05
102,		4.6543e-05,		4.7600e-05,		5.4276e-05
103,		4.6597e-05,		4.7667e-05,		5.4276e-05
104,		4.6634e-05,		4.7704e-05,		5.4276e-05
105,		4.6681e-05,		4.7769e-05,		5.4276e-05
106,		4.6732e-05,		4.7814e-05,		5.4276e-05
107,		4.6800e-05,		4.7867e-05,		5.4276e-05
108,		4.6836e-05,		4.7901e-05,		5.4276e-05
109,		4.6869e-05,		4.7921e-05,		5.4276e-05
110,		4.6910e-05,		4.7978e-05,		5.4276e-05
111,		4.6941e-05,		4.8017e-05,		5.4276e-05
112,		4.7016e-05,		4.8075e-05,		5.4276e-05
113,		4.7062e-05,		4.8137e-05,		5.4276e-05
114,		4.7107e-05,		4.8170e-05,		5.4276e-05
115,		4.7120e-05,		4.8216e-05,		5.4276e-05
116,		4.7179e-05,		4.8258e-05,		5.4276e-05
117,		4.7233e-05,		4.8299e-05,		5.4276e-05
118,		4.7267e-05,		4.8332e-05,		5.4276e-05
119,		4.7286e-05,		4.8353e-05,		5.4276e-05
120,		4.7329e-05,		4.8380e-05,		5.4276e-05
121,		4.7369e-05,		4.8419e-05,		5.4276e-05
122,		4.7392e-05,		4.8448e-05,		5.4276e-05
123,		4.7428e-05,		4.8492e-05,		5.4276e-05
124,		4.7444e-05,		4.8513e-05,		5.5217e-05
125,		4.7497e-05,		4.8559e-05,		5.5217e-05
126,		4.7537e-05,		4.8615e-05,		5.5217e-05
127,		4.7581e-05,		4.8664e-05,		5.5217e-05
128,		4.7648e-05,		4.8709e-05,		5.5217e-05
129,		4.7680e-05,		4.8736e-05,		5.5217e-05
130,		4.7711e-05,		4.8774e-05,		5.5217e-05
131,		4.7749e-05,		4.8814e-05,		5.5217e-05
132,		4.7766e-05,		4.8843e-05,		5.5217e-05
133,		4.7836e-05,		4.8894e-05,		5.5217e-05
134,		4.7868e-05,		4.8951e-05,		5.5217e-05
135,		4.7917e-05,		4.9006e-05,		5.6200e-05
136,		4.7955e-05,		4.9028e-05,		5.6200e-05
137,		4.7982e-05,		4.9069e-05,		5.6200e-05
138,		4.8004e-05,		4.9086e-05,		5.6200e-05
139,		4.8018e-05,		4.9103e-05,		5.6200e-05
140,		4.8048e-05,		4.9127e-05,		5.6200e-05
141,		4.8089e-05,		4.9160e-05,		5.6200e-05
142,		4.8113e-05,		4.9174e-05,		5.6200e-05
143,		4.8141e-05,		4.9225e-05,		5.6200e-05
144,		4.8172e-05,		4.9249e-05,		5.6200e-05
145,		4.8190e-05,		4.9271e-05,		5.6200e-05
146,		4.8214e-05,		4.9299e-05,		5.6200e-05
147,		4.8270e-05,		4.9335e-05,		5.6200e-05
148,		4.8301e-05,		4.9374e-05,		5.6200e-05
149,		4.8331e-05,		4.9393e-05,		5.6200e-05
150,		4.8361e-05,		4.9430e-05,		5.6200e-05
151,		4.8408e-05,		4.9491e-05,		5.6200e-05
152,		4.8459e-05,		4.9544e-05,		5.6200e-05
153,		4.8474e-05,		4.9577e-05,		5.6200e-05
154,		4.8515e-05,		4.9626e-05,		5.6200e-05
155,		4.8546e-05,		4.9647e-05,		5.6200e-05
156,		4.8574e-05,		4.9678e-05,		5.6200e-05
157,		4.8596e-05,		4.9714e-05,		5.6200e-05
158,		4.8635e-05,		4.9750e-05,		5.6200e-05
159,		4.8659e-05,		4.9776e-05,		5.6200e-05
160,		4.8681e-05,		4.9785e-05,		5.6200e-05
161,		4.8702e-05,		4.9802e-05,		5.6200e-05
162,		4.8749e-05,		4.9835e-05,		5.6200e-05
163,		4.8791e-05,		4.9866e-05,		5.6200e-05
164,		4.8814e-05,		4.9900e-05,		5.6200e-05
165,		4.8845e-05,		4.9929e-05,		5.6200e-05
166,		4.8874e-05,		4.9951e-05,		5.6200e-05
167,		4.8907e-05,		4.9983e-05,		5.6200e-05
168,		4.8945e-05,		5.0028e-05,		5.6200e-05
169,		4.8969e-05,		5.0059e-05,		5.6200e-05
170,		4.9002e-05,		5.0109e-05,		5.6200e-05
171,		4.9034e-05,		5.0139e-05,		5.6200e-05
172,		4.9058e-05,		5.0154e-05,		5.6200e-05
173,		4.9112e-05,		5.0198e-05,		5.6200e-05
174,		4.9129e-05,		5.0232e-05,		5.6200e-05
175,		4.9149e-05,		5.0255e-05,		5.6200e-05
176,		4.9182e-05,		5.0273e-05,		5.6200e-05
177,		4.9215e-05,		5.0320e-05,		5.6200e-05
178,		4.9234e-05,		5.0332e-05,		5.6200e-05
179,		4.9304e-05,		5.0369e-05,		5.6200e-05
180,		4.9329e-05,		5.0396e-05,		5.6200e-05
181,		4.9347e-05,		5.0408e-05,		5.6200e-05
182,		4.9377e-05,		5.0462e-05,		5.6200e-05
183,		4.9410e-05,		5.0494e-05,		5.6200e-05
184,		4.9422e-05,		5.0521e-05,		5.6200e-05
185,		4.9462e-05,		5.0555e-05,		5.6200e-05
186,		4.9497e-05,		5.0588e-05,		5.6200e-05
187,		4.9522e-05,		5.0609e-05,		5.6200e-05
188,		4.9554e-05,		5.0640e-05,		5.6200e-05
189,		4.9565e-05,		5.0664e-05,		5.6200e-05
190,		4.9592e-05,		5.0713e-05,		5.6200e-05
191,		4.9614e-05,		5.0736e-05,		5.6200e-05
192,		4.9628e-05,		5.0757e-05,		5.6200e-05
193,		4.9671e-05,		5.0790e-05,		5.6200e-05
194,		4.9683e-05,		5.0807e-05,		5.6200e-05
195,		4.9724e-05,		5.0857e-05,		5.6200e-05
196,		4.9747e-05,		5.0879e-05,		5.6200e-05
197,		4.9774e-05,		5.0917e-05,		5.6200e-05
198,		4.9804e-05,		5.0975e-05,		5.6200e-05
199,		4.9829e-05,		5.0994e-05,		5.6200e-05
200,		4.9873e-05,		5.1039e-05,		5.6825e-05
201,		4.9900e-05,		5.1065e-05,		5.6825e-05
202,		4.9913e-05,		5.1085e-05,		5.6825e-05
203,		4.9957e-05,		5.1113e-05,		5.6825e-05
204,		4.9992e-05,		5.1141e-05,		5.6825e-05
205,		5.0028e-05,		5.1162e-05,		5.6825e-05
206,		5.0073e-05,		5.1204e-05,		5.6825e-05
207,		5.0095e-05,		5.1222e-05,		5.6825e-05
208,		5.0137e-05,		5.1242e-05,		5.6825e-05
209,		5.0167e-05,		5.1271e-05,		5.6825e-05
210,		5.0213e-05,		5.1308e-05,		5.6825e-05
211,		5.0259e-05,		5.1343e-05,		5.6825e-05
212,		5.0304e-05,		5.1394e-05,		5.6825e-05
213,		5.0323e-05,		5.1416e-05,		5.6825e-05
214,		5.0369e-05,		5.1448e-05,		5.6825e-05
215,		5.0396e-05,		5.1476e-05,		5.6825e-05
216,		5.0425e-05,		5.1505e-05,		5.6825e-05
217,		5.0455e-05,		5.1532e-05,		5.6825e-05
218,		5.0484e-05,		5.1565e-05,		5.6825e-05
219,		5.0513e-05,		5.1588e-05,		5.6825e-05
220,		5.0549e-05,		5.1610e-05,		5.6825e-05
221,		5.0575e-05,		5.1631e-05,		5.6825e-05
222,		5.0620e-05,		5.1657e-05,		5.6825e-05
223,		5.0662e-05,		5.1692e-05,		5.6825e-05
224,		5.0683e-05,		5.1710e-05,		5.6825e-05
225,		5.0702e-05,		5.1725e-05,		5.6825e-05
226,		5.0718e-05,		5.1752e-05,		5.6825e-05
227,		5.0760e-05,		5.1777e-05,		5.6825e-05
228,		5.0775e-05,		5.1814e-05,		5.6825e-05
229,		5.0816e-05,		5.1857e-05,		5.6825e-05
230,		5.0839e-05,		5.1867e-05,		5.6825e-05
231,		5.0857e-05,		5.1880e-05,		5.6825e-05
232,		5.0878e-05,		5.1897e-05,		5.6825e-05
233,		5.0890e-05,		5.1917e-05,		5.6825e-05
234,		5.0921e-05,		5.1948e-05,		5.6825e-05
235,		5.0959e-05,		5.1979e-05,		5.6825e-05
236,		5.0977e-05,		5.2002e-05,		5.6825e-05
237,		5.1003e-05,		5.2022e-05,		5.6825e-05
238,		5.1040e-05,		5.2046e-05,		5.6825e-05
239,		5.1075e-05,		5.2071e-05,		5.6825e-05
240,		5.1082e-05,		5.2089e-05,		5.6825e-05
241,		5.1107e-05,		5.2125e-05,		5.6825e-05
242,		5.1127e-05,		5.2151e-05,		5.6825e-05
243,		5.1148e-05,		5.2179e-05,		5.6825e-05
244,		5.1163e-05,		5.2207e-05,		5.6825e-05
245,		5.1181e-05,		5.2230e-05,		5.6825e-05
246,		5.1200e-05,		5.2246e-05,		5.6825e-05
247,		5.1245e-05,		5.2272e-05,		5.6825e-05
248,		5.1264e-05,		5.2291e-05,		5.6825e-05
249,		5.1280e-05,		5.2301e-05,		5.6825e-05
250,		5.1292e-05,		5.2311e-05,		5.6825e-05
251,		5.1325e-05,		5.2326e-05,		5.6825e-05
252,		5.1352e-05,		5.2359e-05,		5.6825e-05
253,		5.1378e-05,		5.2366e-05,		5.6825e-05
254,		5.1402e-05,		5.2382e-05,		5.6825e-05
255,		5.1428e-05,		5.2420e-05,		5.6825e-05
256,		5.1440e-05,		5.2431e-05,		5.6825e-05
257,		5.1448e-05,		5.2452e-05,		5.6825e-05
258,		5.1473e-05,		5.2492e-05,		5.6825e-05
259,		5.1484e-05,		5.2502e-05,		5.6825e-05
260,		5.1490e-05,		5.2516e-05,		5.6825e-05
261,		5.1511e-05,		5.2535e-05,		5.6825e-05
262,		5.1527e-05,		5.2550e-05,		5.6825e-05
263,		5.1552e-05,		5.2570e-05,		5.6825e-05
264,		5.1578e-05,		5.2580e-05,		5.6825e-05
265,		5.1584e-05,		5.2596e-05,		5.6825e-05
266,		5.1624e-05,		5.2622e-05,		5.6825e-05
267,		5.1653e-05,		5.2652e-05,		5.6825e-05
268,		5.1661e-05,		5.2676e-05,		5.6825e-05
269,		5.1671e-05,		5.2693e-05,		5.6825e-05
270,		5.1681e-05,		5.2720e-05,		5.6825e-05
271,		5.1704e-05,		5.2751e-05,		5.7814e-05
272,		5.1709e-05,		5.2759e-05,		5.7814e-05
273,		5.1728e-05,		5.2776e-05,		5.7814e-05
274,		5.1755e-05,		5.2786e-05,		5.7814e-05
275,		5.1762e-05,		5.2791e-05,		5.7814e-05
276,		5.1781e-05,		5.2812e-05,		5.7814e-05
277,		5.1798e-05,		5.2836e-05,		5.7823e-05
278,		5.1814e-05,		5.2843e-05,		5.7823e-05
279,		5.1856e-05,		5.2871e-05,		5.7823e-05
280,		5.1919e-05,		5.2901e-05,		5.7823e-05
281,		5.1931e-05,		5.2911e-05,		5.7823e-05
282,		5.1947e-05,		5.2919e-05,		5.7823e-05
283,		5.1954e-05,		5.2928e-05,		5.7823e-05
284,		5.1961e-05,		5.2948e-05,		5.7823e-05
285,		5.1973e-05,		5.2970e-05,		5.7823e-05
286,		5.1984e-05,		5.2996e-05,		5.7823e-05
287,		5.2007e-05,		5.3017e-05,		5.7823e-05
288,		5.2025e-05,		5.3046e-05,		5.7823e-05
289,		5.2038e-05,		5.3057e-05,		5.7823e-05
290,		5.2057e-05,		5.3068e-05,		5.7823e-05
291,		5.2092e-05,		5.3087e-05,		5.7823e-05
292,		5.2112e-05,		5.3103e-05,		5.7823e-05
293,		5.2132e-05,		5.3121e-05,		5.7823e-05
294,		5.2144e-05,		5.3132e-05,		5.7823e-05
295,		5.2145e-05,		5.3145e-05,		5.7823e-05
296,		5.2159e-05,		5.3155e-05,		5.7823e-05
297,		5.2177e-05,		5.3177e-05,		5.7823e-05
298,		5.2197e-05,		5.3186e-05,		5.7823e-05
299,		5.2221e-05,		5.3200e-05,		5.7823e-05
300,		5.2232e-05,		5.3207e-05,		5.7823e-05
301,		5.2255e-05,		5.3245e-05,		5.8910e-05
302,		5.2292e-05,		5.3285e-05,		5.8910e-05
303,		5.2308e-05,		5.3290e-05,		5.8910e-05
304,		5.2313e-05,		5.3301e-05,		5.8910e-05
305,		5.2326e-05,		5.3309e-05,		5.8910e-05
306,		5.2357e-05,		5.3336e-05,		5.8910e-05
307,		5.2369e-05,		5.3352e-05,		5.8910e-05
308,		5.2396e-05,		5.3366e-05,		5.8910e-05
309,		5.2413e-05,		5.3381e-05,		5.8910e-05
310,		5.2431e-05,		5.3400e-05,		5.8910e-05
311,		5.2442e-05,		5.3414e-05,		5.8910e-05
312,		5.2454e-05,		5.3436e-05,		5.8910e-05
313,		5.2477e-05,		5.3466e-05,		5.8910e-05
314,		5.2490e-05,		5.3483e-05,		5.8910e-05
315,		5.2496e-05,		5.3498e-05,		5.8910e-05
316,		5.2505e-05,		5.3508e-05,		5.8910e-05
317,		5.2514e-05,		5.3524e-05,		5.8910e-05
318,		5.2543e-05,		5.3579e-05,		5.8910e-05
319,		5.2546e-05,		5.3586e-05,		5.8910e-05
320,		5.2557e-05,		5.3593e-05,		5.8910e-05
321,		5.2565e-05,		5.3617e-05,		5.8910e-05
322,		5.2579e-05,		5.3628e-05,		5.8910e-05
323,		5.2593e-05,		5.3650e-05,		5.8910e-05
324,		5.2603e-05,		5.3668e-05,		5.8910e-05
325,		5.2622e-05,		5.3698e-05,		5.8910e-05
326,		5.2636e-05,		5.3711e-05,		5.8910e-05
327,		5.2645e-05,		5.3718e-05,		5.8910e-05
328,		5.2656e-05,		5.3724e-05,		5.8910e-05
329,		5.2665e-05,		5.3739e-05,		5.8910e-05
330,		5.2671e-05,		5.3749e-05,		5.8910e-05
331,		5.2697e-05,		5.3772e-05,		5.8910e-05
332,		5.2715e-05,		5.3792e-05,		5.8910e-05
333,		5.2733e-05,		5.3801e-05,		5.8910e-05
334,		5.2779e-05,		5.3829e-05,		5.8910e-05
335,		5.2798e-05,		5.3852e-05,		5.8910e-05
336,		5.2808e-05,		5.3863e-05,		5.8910e-05
337,		5.2822e-05,		5.3875e-05,		5.8910e-05
338,		5.2836e-05,		5.3885e-05,		5.8910e-05
339,		5.2850e-05,		5.3894e-05,		5.8910e-05
340,		5.2858e-05,		5.3900e-05,		5.8910e-05
341,		5.2871e-05,		5.3907e-05,		5.8910e-05
342,		5.2889e-05,		5.3931e-05,		5.8910e-05
343,		5.2916e-05,		5.3956e-05,		5.8910e-05
344,		5.2952e-05,		5.3972e-05,		5.8910e-05
345,		5.2987e-05,		5.3991e-05,		5.8910e-05
346,		5.3007e-05,		5.4015e-05,		5.8910e-05
347,		5.3031e-05,		5.4037e-05,		5.8910e-05
348,		5.3048e-05,		5.4049e-05,		5.8910e-05
349,		5.3056e-05,		5.4060e-05,		5.8910e-05
350,		5.3093e-05,		5.4077e-05,		5.8910e-05
351,		5.3112e-05,		5.4102e-05,		5.8910e-05
352,		5.3135e-05,		5.4125e-05,		5.8910e-05
353,		5.3159e-05,		5.4141e-05,		5.8910e-05
354,		5.3188e-05,		5.4178e-05,		6.0493e-05
355,		5.3194e-05,		5.4190e-05,		6.0493e-05
356,		5.3214e-05,		5.4199e-05,		6.0493e-05
357,		5.3223e-05,		5.4221e-05,		6.0493e-05
358,		5.3234e-05,		5.4234e-05,		6.0493e-05
359,		5.3238e-05,		5.4240e-05,		6.0493e-05
360,		5.3259e-05,		5.4272e-05,		6.0493e-05
361,		5.3275e-05,		5.4294e-05,		6.0493e-05
362,		5.3301e-05,		5.4308e-05,		6.0493e-05
363,		5.3312e-05,		5.4316e-05,		6.0493e-05
364,		5.3322e-05,		5.4332e-05,		6.0493e-05
365,		5.3332e-05,		5.4354e-05,		6.0493e-05
366,		5.3354e-05,		5.4365e-05,		6.0493e-05
367,		5.3362e-05,		5.4398e-05,		6.0493e-05
368,		5.3378e-05,		5.4415e-05,		6.0493e-05
369,		5.3405e-05,		5.4440e-05,		6.0493e-05
370,		5.3423e-05,		5.4456e-05,		6.0493e-05
371,		5.3427e-05,		5.4463e-05,		6.0493e-05
372,		5.3463e-05,		5.4485e-05,		6.0493e-05
373,		5.3468e-05,		5.4496e-05,		6.0493e-05
374,		5.3488e-05,		5.4506e-05,		6.0493e-05
375,		5.3502e-05,		5.4521e-05,		6.0493e-05
376,		5.3519e-05,		5.4533e-05,		6.0493e-05
377,		5.3528e-05,		5.4541e-05,		6.0493e-05
378,		5.3558e-05,		5.4562e-05,		6.0493e-05
379,		5.3564e-05,		5.4569e-05,		6.0493e-05
380,		5.3584e-05,		5.4578e-05,		6.0493e-05
381,		5.3608e-05,		5.4604e-05,		6.0493e-05
382,		5.3623e-05,		5.4633e-05,		6.0493e-05
383,		5.3637e-05,		5.4651e-05,		6.0493e-05
384,		5.3664e-05,		5.4664e-05,		6.0493e-05
385,		5.3676e-05,		5.4670e-05,		6.0493e-05
386,		5.3686e-05,		5.4683e-05,		6.0493e-05
387,		5.3700e-05,		5.4697e-05,		6.0493e-05
388,		5.3714e-05,		5.4722e-05,		6.0493e-05
389,		5.3739e-05,		5.4757e-05,		6.1956e-05
390,		5.3768e-05,		5.4786e-05,		6.1956e-05
391,		5.3769e-05,		5.4792e-05,		6.1956e-05
392,		5.3784e-05,		5.4805e-05,		6.1956e-05
393,		5.3792e-05,		5.4815e-05,		6.1956e-05
394,		5.3810e-05,		5.4829e-05,		6.1956e-05
395,		5.3820e-05,		5.4842e-05,		6.1956e-05
396,		5.3827e-05,		5.4852e-05,		6.1956e-05
397,		5.3830e-05,		5.4855e-05,		6.1956e-05
398,		5.3842e-05,		5.4864e-05,		6.1956e-05
399,		5.3859e-05,		5.4875e-05,		6.1956e-05
400,		5.3873e-05,		5.4893e-05,		6.1956e-05
401,		5.3882e-05,		5.4902e-05,		6.1956e-05
402,		5.3886e-05,		5.4917e-05,		6.1956e-05
403,		5.3903e-05,		5.4934e-05,		6.1956e-05
404,		5.3916e-05,		5.4949e-05,		6.1956e-05
405,		5.3928e-05,		5.4962e-05,		6.1956e-05
406,		5.3943e-05,		5.4979e-05,		6.1956e-05
407,		5.3957e-05,		5.5004e-05,		6.1956e-05
408,		5.3969e-05,		5.5018e-05,		6.1956e-05
409,		5.3976e-05,		5.5026e-05,		6.1956e-05
410,		5.3997e-05,		5.5047e-05,		6.1956e-05
411,		5.4014e-05,		5.5059e-05,		6.1956e-05
412,		5.4039e-05,		5.5075e-05,		6.1956e-05
413,		5.4053e-05,		5.5085e-05,		6.1956e-05
414,		5.4062e-05,		5.5102e-05,		6.1956e-05
415,		5.4071e-05,		5.5115e-05,		6.1956e-05
416,		5.4083e-05,		5.5124e-05,		6.1956e-05
417,		5.4093e-05,		5.5129e-05,		6.1956e-05
418,		5.4106e-05,		5.5144e-05,		6.1956e-05
419,		5.4111e-05,		5.5153e-05,		6.1956e-05
420,		5.4121e-05,		5.5164e-05,		6.1956e-05
421,		5.4128e-05,		5.5174e-05,		6.1956e-05
422,		5.4142e-05,		5.5185e-05,		6.1956e-05
423,		5.4163e-05,		5.5200e-05,		6.1956e-05
424,		5.4171e-05,		5.5216e-05,		6.1956e-05
425,		5.4183e-05,		5.5233e-05,		6.1956e-05
426,		5.4206e-05,		5.5245e-05,		6.1956e-05
427,		5.4234e-05,		5.5273e-05,		6.1956e-05
428,		5.4250e-05,		5.5284e-05,		6.1956e-05
429,		5.4259e-05,		5.5294e-05,		6.1956e-05
430,		5.4276e-05,		5.5320e-05,		6.1956e-05
431,		5.4291e-05,		5.5337e-05,		6.1956e-05
432,		5.4305e-05,		5.5356e-05,		6.1956e-05
433,		5.4318e-05,		5.5374e-05,		6.1956e-05
434,		5.4333e-05,		5.5394e-05,		6.1956e-05
435,		5.4340e-05,		5.5405e-05,		6.1956e-05
436,		5.4352e-05,		5.5414e-05,		6.1956e-05
437,		5.4370e-05,		5.5422e-05,		6.1956e-05
438,		5.4391e-05,		5.5446e-05,		6.1956e-05
439,		5.4413e-05,		5.5497e-05,		6.1956e-05
440,		5.4430e-05,		5.5514e-05,		6.1956e-05
441,		5.4440e-05,		5.5529e-05,		6.1956e-05
442,		5.4472e-05,		5.5543e-05,		6.1956e-05
443,		5.4477e-05,		5.5552e-05,		6.1956e-05
444,		5.4483e-05,		5.5559e-05,		6.1956e-05
445,		5.4483e-05,		5.5561e-05,		6.1956e-05
446,		5.4509e-05,		5.5574e-05,		6.1956e-05
447,		5.4519e-05,		5.5588e-05,		6.1956e-05
448,		5.4526e-05,		5.5596e-05,		6.1956e-05
449,		5.4534e-05,		5.5602e-05,		6.1956e-05
450,		5.4547e-05,		5.5612e-05,		6.1956e-05
451,		5.4569e-05,		5.5641e-05,		6.1956e-05
452,		5.4579e-05,		5.5651e-05,		6.1956e-05
453,		5.4584e-05,		5.5656e-05,		6.1956e-05
454,		5.4591e-05,		5.5666e-05,		6.1956e-05
455,		5.4606e-05,		5.5691e-05,		6.1956e-05
456,		5.4626e-05,		5.5725e-05,		6.1956e-05
457,		5.4626e-05,		5.5730e-05,		6.1956e-05
458,		5.4649e-05,		5.5752e-05,		6.1956e-05
459,		5.4677e-05,		5.5770e-05,		6.1956e-05
460,		5.4682e-05,		5.5783e-05,		6.1956e-05
461,		5.4695e-05,		5.5794e-05,		6.1956e-05
462,		5.4714e-05,		5.5810e-05,		6.1956e-05
463,		5.4739e-05,		5.5833e-05,		6.1956e-05
464,		5.4751e-05,		5.5860e-05,		6.1956e-05
465,		5.4765e-05,		5.5883e-05,		6.1956e-05
466,		5.4817e-05,		5.5900e-05,		6.1956e-05
467,		5.4831e-05,		5.5918e-05,		6.1956e-05
468,		5.4852e-05,		5.5942e-05,		6.1956e-05
469,		5.4887e-05,		5.5964e-05,		6.1956e-05
470,		5.4896e-05,		5.5983e-05,		6.1956e-05
471,		5.4905e-05,		5.5996e-05,		6.1956e-05
472,		5.4917e-05,		5.6008e-05,		6.1956e-05
473,		5.4944e-05,		5.6028e-05,		6.1956e-05
474,		5.4954e-05,		5.6045e-05,		6.1956e-05
475,		5.4973e-05,		5.6083e-05,		6.1956e-05
476,		5.4997e-05,		5.6103e-05,		6.1956e-05
477,		5.5021e-05,		5.6123e-05,		6.1956e-05
478,		5.5040e-05,		5.6147e-05,		6.1956e-05
479,		5.5053e-05,		5.6166e-05,		6.1956e-05
480,		5.5084e-05,		5.6179e-05,		6.1956e-05
481,		5.5098e-05,		5.6203e-05,		6.1956e-05
482,		5.5130e-05,		5.6221e-05,		6.1956e-05
483,		5.5141e-05,		5.6233e-05,		6.1956e-05
484,		5.5168e-05,		5.6265e-05,		6.1956e-05
485,		5.5183e-05,		5.6289e-05,		6.1956e-05
486,		5.5199e-05,		5.6312e-05,		6.1956e-05
487,		5.5216e-05,		5.6326e-05,		6.1956e-05
488,		5.5239e-05,		5.6377e-05,		6.1956e-05
489,		5.5265e-05,		5.6390e-05,		6.1956e-05
490,		5.5279e-05,		5.6399e-05,		6.1956e-05
491,		5.5289e-05,		5.6411e-05,		6.1956e-05
492,		5.5293e-05,		5.6421e-05,		6.1956e-05
493,		5.5310e-05,		5.6433e-05,		6.1956e-05
494,		5.5326e-05,		5.6443e-05,		6.1956e-05
495,		5.5341e-05,		5.6476e-05,		6.1956e-05
496,		5.5358e-05,		5.6483e-05,		6.1956e-05
497,		5.5365e-05,		5.6493e-05,		6.1956e-05
498,		5.5375e-05,		5.6508e-05,		6.1956e-05
499,		5.5381e-05,		5.6515e-05,		6.1956e-05
500,		5.5386e-05,		5.6528e-05,		6.1956e-05
501,		5.5400e-05,		5.6537e-05,		6.1956e-05
502,		5.5415e-05,		5.6543e-05,		6.1956e-05
503,		5.5440e-05,		5.6555e-05,		6.1956e-05
504,		5.5453e-05,		5.6573e-05,		6.1956e-05
505,		5.5461e-05,		5.6583e-05,		6.1956e-05
506,		5.5483e-05,		5.6591e-05,		6.1956e-05
507,		5.5502e-05,		5.6603e-05,		6.1956e-05
508,		5.5529e-05,		5.6632e-05,		6.1956e-05
509,		5.5542e-05,		5.6643e-05,		6.1956e-05
510,		5.5568e-05,		5.6666e-05,		6.1956e-05
511,		5.5592e-05,		5.6694e-05,		6.1956e-05
512,		5.5624e-05,		5.6709e-05,		6.1956e-05
513,		5.5649e-05,		5.6723e-05,		6.1956e-05
514,		5.5656e-05,		5.6732e-05,		6.1956e-05
515,		5.5660e-05,		5.6737e-05,		6.1956e-05
516,		5.5674e-05,		5.6748e-05,		6.1956e-05
517,		5.5702e-05,		5.6767e-05,		6.1956e-05
518,		5.5706e-05,		5.6778e-05,		6.1956e-05
519,		5.5723e-05,		5.6794e-05,		6.1956e-05
520,		5.5748e-05,		5.6801e-05,		6.1956e-05
521,		5.5755e-05,		5.6815e-05,		6.1956e-05
522,		5.5765e-05,		5.6824e-05,		6.1956e-05
523,		5.5786e-05,		5.6845e-05,		6.1956e-05
524,		5.5801e-05,		5.6873e-05,		6.1956e-05
525,		5.5808e-05,		5.6877e-05,		6.1956e-05
526,		5.5819e-05,		5.6896e-05,		6.1956e-05
527,		5.5825e-05,		5.6904e-05,		6.1956e-05
528,		5.5843e-05,		5.6910e-05,		6.1956e-05
529,		5.5848e-05,		5.6916e-05,		6.1956e-05
530,		5.5854e-05,		5.6920e-05,		6.1956e-05
531,		5.5869e-05,		5.6928e-05,		6.1956e-05
532,		5.5891e-05,		5.6954e-05,		6.1956e-05
533,		5.5898e-05,		5.6970e-05,		6.1956e-05
534,		5.5908e-05,		5.6987e-05,		6.1956e-05
535,		5.5936e-05,		5.7012e-05,		6.1956e-05
536,		5.5960e-05,		5.7039e-05,		6.1956e-05
537,		5.5997e-05,		5.7070e-05,		6.1956e-05
538,		5.6010e-05,		5.7077e-05,		6.1956e-05
539,		5.6039e-05,		5.7087e-05,		6.1956e-05
540,		5.6061e-05,		5.7109e-05,		6.1956e-05
541,		5.6074e-05,		5.7130e-05,		6.1956e-05
542,		5.6093e-05,		5.7141e-05,		6.1956e-05
543,		5.6101e-05,		5.7150e-05,		6.1956e-05
544,		5.6119e-05,		5.7160e-05,		6.1956e-05
545,		5.6131e-05,		5.7176e-05,		6.1956e-05
546,		5.6159e-05,		5.7208e-05,		6.1956e-05
547,		5.6178e-05,		5.7222e-05,		6.1956e-05
548,		5.6202e-05,		5.7238e-05,		6.1956e-05
549,		5.6210e-05,		5.7261e-05,		6.1956e-05
550,		5.6218e-05,		5.7269e-05,		6.1956e-05
551,		5.6227e-05,		5.7291e-05,		6.1956e-05
552,		5.6253e-05,		5.7306e-05,		6.1956e-05
553,		5.6273e-05,		5.7337e-05,		6.1956e-05
554,		5.6275e-05,		5.7343e-05,		6.1956e-05
555,		5.6285e-05,		5.7351e-05,		6.1956e-05
556,		5.6302e-05,		5.7371e-05,		6.1956e-05
557,		5.6305e-05,		5.7375e-05,		6.1956e-05
558,		5.6326e-05,		5.7384e-05,		6.1956e-05
559,		5.6355e-05,		5.7431e-05,		6.1956e-05
560,		5.6367e-05,		5.7445e-05,		6.1956e-05
561,		5.6385e-05,		5.7460e-05,		6.1956e-05
562,		5.6400e-05,		5.7485e-05,		6.1956e-05
563,		5.6414e-05,		5.7497e-05,		6.1956e-05
564,		5.6426e-05,		5.7514e-05,		6.1956e-05
565,		5.6437e-05,		5.7543e-05,		6.1956e-05
566,		5.6451e-05,		5.7554e-05,		6.1956e-05
567,		5.6461e-05,		5.7560e-05,		6.1956e-05
568,		5.6464e-05,		5.7563e-05,		6.1956e-05
569,		5.6476e-05,		5.7575e-05,		6.1956e-05
570,		5.6507e-05,		5.7596e-05,		6.1956e-05
571,		5.6537e-05,		5.7608e-05,		6.1956e-05
572,		5.6544e-05,		5.7621e-05,		6.1956e-05
573,		5.6554e-05,		5.7632e-05,		6.1956e-05
574,		5.6558e-05,		5.7647e-05,		6.1956e-05
575,		5.6567e-05,		5.7663e-05,		6.1956e-05
576,		5.6580e-05,		5.7685e-05,		6.1956e-05
577,		5.6599e-05,		5.7706e-05,		6.1956e-05
578,		5.6613e-05,		5.7710e-05,		6.1956e-05
579,		5.6625e-05,		5.7722e-05,		6.1956e-05
580,		5.6633e-05,		5.7731e-05,		6.1956e-05
581,		5.6649e-05,		5.7743e-05,		6.1956e-05
582,		5.6663e-05,		5.7752e-05,		6.1956e-05
583,		5.6689e-05,		5.7772e-05,		6.1956e-05
584,		5.6706e-05,		5.7784e-05,		6.1956e-05
585,		5.6708e-05,		5.7792e-05,		6.1956e-05
586,		5.6710e-05,		5.7796e-05,		6.1956e-05
587,		5.6712e-05,		5.7803e-05,		6.1956e-05
588,		5.6714e-05,		5.7804e-05,		6.1956e-05
589,		5.6727e-05,		5.7805e-05,		6.1956e-05
590,		5.6735e-05,		5.7837e-05,		6.4652e-05
591,		5.6756e-05,		5.7855e-05,		6.4652e-05
592,		5.6767e-05,		5.7870e-05,		6.4652e-05
593,		5.6777e-05,		5.7888e-05,		6.4652e-05
594,		5.6795e-05,		5.7899e-05,		6.4652e-05
595,		5.6821e-05,		5.7913e-05,		6.4652e-05
596,		5.6827e-05,		5.7923e-05,		6.4652e-05
597,		5.6845e-05,		5.7935e-05,		6.4652e-05
598,		5.6850e-05,		5.7939e-05,		6.4652e-05
599,		5.6878e-05,		5.7955e-05,		6.4652e-05
600,		5.6883e-05,		5.7970e-05,		6.4652e-05
601,		5.6888e-05,		5.7977e-05,		6.4652e-05
602,		5.6898e-05,		5.7990e-05,		6.4652e-05
603,		5.6911e-05,		5.8004e-05,		6.4652e-05
604,		5.6926e-05,		5.8013e-05,		6.4652e-05
605,		5.6940e-05,		5.8031e-05,		6.4652e-05
606,		5.6952e-05,		5.8049e-05,		6.4652e-05
607,		5.6968e-05,		5.8061e-05,		6.4652e-05
608,		5.6979e-05,		5.8067e-05,		6.4652e-05
609,		5.7000e-05,		5.8081e-05,		6.4652e-05
610,		5.7007e-05,		5.8085e-05,		6.4652e-05
611,		5.7020e-05,		5.8099e-05,		6.4652e-05
612,		5.7024e-05,		5.8110e-05,		6.4652e-05
613,		5.7031e-05,		5.8129e-05,		6.4652e-05
614,		5.7049e-05,		5.8141e-05,		6.4652e-05
615,		5.7059e-05,		5.8166e-05,		6.4652e-05
616,		5.7080e-05,		5.8183e-05,		6.4652e-05
617,		5.7086e-05,		5.8192e-05,		6.4652e-05
618,		5.7093e-05,		5.8206e-05,		6.4652e-05
619,		5.7109e-05,		5.8226e-05,		6.4652e-05
620,		5.7125e-05,		5.8236e-05,		6.4652e-05
621,		5.7144e-05,		5.8256e-05,		6.4652e-05
622,		5.7155e-05,		5.8274e-05,		6.4652e-05
623,		5.7156e-05,		5.8281e-05,		6.4652e-05
624,		5.7166e-05,		5.8294e-05,		6.4652e-05
625,		5.7182e-05,		5.8300e-05,		6.4652e-05
626,		5.7191e-05,		5.8322e-05,		6.4652e-05
627,		5.7199e-05,		5.8333e-05,		6.4652e-05
628,		5.7212e-05,		5.8343e-05,		6.4652e-05
629,		5.7228e-05,		5.8356e-05,		6.4652e-05
630,		5.7238e-05,		5.8378e-05,		6.4652e-05
631,		5.7266e-05,		5.8399e-05,		6.4652e-05
632,		5.7273e-05,		5.8406e-05,		6.4652e-05
633,		5.7282e-05,		5.8418e-05,		6.4652e-05
634,		5.7290e-05,		5.8445e-05,		6.4652e-05
635,		5.7301e-05,		5.8456e-05,		6.4652e-05
636,		5.7305e-05,		5.8468e-05,		6.4652e-05
637,		5.7319e-05,		5.8488e-05,		6.4652e-05
638,		5.7325e-05,		5.8495e-05,		6.4652e-05
639,		5.7326e-05,		5.8507e-05,		6.4652e-05
640,		5.7352e-05,		5.8525e-05,		6.4652e-05
641,		5.7374e-05,		5.8544e-05,		6.4652e-05
642,		5.7389e-05,		5.8559e-05,		6.4652e-05
643,		5.7405e-05,		5.8577e-05,		6.4652e-05
644,		5.7416e-05,		5.8596e-05,		6.4652e-05
645,		5.7445e-05,		5.8607e-05,		6.4652e-05
646,		5.7463e-05,		5.8618e-05,		6.4652e-05
647,		5.7469e-05,		5.8620e-05,		6.4652e-05
648,		5.7477e-05,		5.8624e-05,		6.4652e-05
649,		5.7480e-05,		5.8628e-05,		6.4652e-05
650,		5.7499e-05,		5.8638e-05,		6.4652e-05
651,		5.7516e-05,		5.8659e-05,		6.4652e-05
652,		5.7543e-05,		5.8686e-05,		6.4652e-05
653,		5.7553e-05,		5.8689e-05,		6.4652e-05
654,		5.7555e-05,		5.8695e-05,		6.4652e-05
655,		5.7569e-05,		5.8725e-05,		6.4652e-05
656,		5.7581e-05,		5.8736e-05,		6.4652e-05
657,		5.7607e-05,		5.8747e-05,		6.4652e-05
658,		5.7634e-05,		5.8769e-05,		6.4652e-05
659,		5.7651e-05,		5.8777e-05,		6.4652e-05
660,		5.7664e-05,		5.8792e-05,		6.4652e-05
661,		5.7687e-05,		5.8816e-05,		6.4652e-05
662,		5.7693e-05,		5.8846e-05,		6.4652e-05
663,		5.7703e-05,		5.8860e-05,		6.4652e-05
664,		5.7725e-05,		5.8878e-05,		6.4652e-05
665,		5.7747e-05,		5.8895e-05,		6.4652e-05
666,		5.7759e-05,		5.8910e-05,		6.4652e-05
667,		5.7768e-05,		5.8916e-05,		6.4652e-05
668,		5.7791e-05,		5.8928e-05,		6.4652e-05
669,		5.7804e-05,		5.8938e-05,		6.4652e-05
670,		5.7816e-05,		5.8954e-05,		6.4652e-05
671,		5.7830e-05,		5.8960e-05,		6.4652e-05
672,		5.7847e-05,		5.8983e-05,		6.4652e-05
673,		5.7848e-05,		5.8985e-05,		6.4652e-05
674,		5.7853e-05,		5.8990e-05,		6.4652e-05
675,		5.7867e-05,		5.9008e-05,		6.4652e-05
676,		5.7879e-05,		5.9015e-05,		6.4652e-05
677,		5.7892e-05,		5.9032e-05,		6.4652e-05
678,		5.7913e-05,		5.9040e-05,		6.4652e-05
679,		5.7928e-05,		5.9057e-05,		6.4652e-05
680,		5.7941e-05,		5.9063e-05,		6.4652e-05
681,		5.7952e-05,		5.9069e-05,		6.4652e-05
682,		5.7997e-05,		5.9108e-05,		6.4652e-05
683,		5.8013e-05,		5.9124e-05,		6.4652e-05
684,		5.8019e-05,		5.9131e-05,		6.4652e-05
685,		5.8033e-05,		5.9152e-05,		6.4652e-05
686,		5.8051e-05,		5.9163e-05,		6.4652e-05
687,		5.8054e-05,		5.9164e-05,		6.4652e-05
688,		5.8068e-05,		5.9181e-05,		6.4652e-05
689,		5.8096e-05,		5.9200e-05,		6.4652e-05
690,		5.8120e-05,		5.9213e-05,		6.4652e-05
691,		5.8126e-05,		5.9225e-05,		6.4652e-05
692,		5.8141e-05,		5.9252e-05,		6.4652e-05
693,		5.8152e-05,		5.9260e-05,		6.4652e-05
694,		5.8181e-05,		5.9277e-05,		6.4652e-05
695,		5.8204e-05,		5.9295e-05,		6.4652e-05
696,		5.8224e-05,		5.9301e-05,		6.4652e-05
697,		5.8231e-05,		5.9311e-05,		6.4652e-05
698,		5.8240e-05,		5.9322e-05,		6.4652e-05
699,		5.8249e-05,		5.9332e-05,		6.4652e-05
700,		5.8261e-05,		5.9343e-05,		6.4652e-05
701,		5.8285e-05,		5.9347e-05,		6.4652e-05
702,		5.8307e-05,		5.9370e-05,		6.4652e-05
703,		5.8321e-05,		5.9380e-05,		6.4652e-05
704,		5.8325e-05,		5.9383e-05,		6.4652e-05
705,		5.8338e-05,		5.9389e-05,		6.4652e-05
706,		5.8346e-05,		5.9399e-05,		6.4652e-05
707,		5.8366e-05,		5.9414e-05,		6.4652e-05
708,		5.8368e-05,		5.9414e-05,		6.4652e-05
709,		5.8373e-05,		5.9414e-05,		6.4652e-05
710,		5.8376e-05,		5.9429e-05,		6.4652e-05
711,		5.8389e-05,		5.9435e-05,		6.4652e-05
712,		5.8391e-05,		5.9445e-05,		6.4652e-05
713,		5.8411e-05,		5.9467e-05,		6.4652e-05
714,		5.8425e-05,		5.9491e-05,		6.4652e-05
715,		5.8431e-05,		5.9499e-05,		6.4652e-05
716,		5.8438e-05,		5.9509e-05,		6.4652e-05
717,		5.8447e-05,		5.9510e-05,		6.4652e-05
718,		5.8461e-05,		5.9532e-05,		6.4652e-05
719,		5.8469e-05,		5.9532e-05,		6.4652e-05
720,		5.8472e-05,		5.9534e-05,		6.4652e-05
721,		5.8496e-05,		5.9552e-05,		6.4652e-05
722,		5.8498e-05,		5.9557e-05,		6.4652e-05
723,		5.8512e-05,		5.9574e-05,		6.4652e-05
724,		5.8534e-05,		5.9583e-05,		6.4652e-05
725,		5.8548e-05,		5.9586e-05,		6.4652e-05
726,		5.8556e-05,		5.9609e-05,		6.4652e-05
727,		5.8568e-05,		5.9621e-05,		6.4652e-05
728,		5.8574e-05,		5.9628e-05,		6.4652e-05
729,		5.8591e-05,		5.9655e-05,		6.4652e-05
730,		5.8598e-05,		5.9660e-05,		6.4652e-05
731,		5.8610e-05,		5.9676e-05,		6.4652e-05
732,		5.8626e-05,		5.9689e-05,		6.4652e-05
733,		5.8649e-05,		5.9699e-05,		6.4652e-05
734,		5.8651e-05,		5.9711e-05,		6.4652e-05
735,		5.8663e-05,		5.9728e-05,		6.4652e-05
736,		5.8684e-05,		5.9740e-05,		6.4652e-05
737,		5.8697e-05,		5.9763e-05,		6.4652e-05
738,		5.8707e-05,		5.9785e-05,		6.4652e-05
739,		5.8716e-05,		5.9799e-05,		6.4652e-05
740,		5.8726e-05,		5.9809e-05,		6.4652e-05
741,		5.8743e-05,		5.9827e-05,		6.4652e-05
742,		5.8754e-05,		5.9840e-05,		6.4652e-05
743,		5.8758e-05,		5.9842e-05,		6.4652e-05
744,		5.8771e-05,		5.9858e-05,		6.4652e-05
745,		5.8776e-05,		5.9865e-05,		6.4652e-05
746,		5.8789e-05,		5.9873e-05,		6.4652e-05
747,		5.8805e-05,		5.9898e-05,		6.4652e-05
748,		5.8830e-05,		5.9918e-05,		6.4652e-05
749,		5.8843e-05,		5.9924e-05,		6.4652e-05
750,		5.8863e-05,		5.9941e-05,		6.4652e-05
751,		5.8882e-05,		5.9961e-05,		6.4652e-05
752,		5.8886e-05,		5.9965e-05,		6.4652e-05
753,		5.8908e-05,		5.9969e-05,		6.4652e-05
754,		5.8919e-05,		5.9979e-05,		6.4652e-05
755,		5.8926e-05,		5.9989e-05,		6.4652e-05
756,		5.8926e-05,		5.9998e-05,		6.4652e-05
757,		5.8937e-05,		6.0004e-05,		6.4652e-05
758,		5.8944e-05,		6.0007e-05,		6.4652e-05
759,		5.8957e-05,		6.0016e-05,		6.4652e-05
760,		5.8968e-05,		6.0041e-05,		6.4652e-05
761,		5.8980e-05,		6.0049e-05,		6.4652e-05
762,		5.8990e-05,		6.0055e-05,		6.4652e-05
763,		5.9018e-05,		6.0069e-05,		6.4652e-05
764,		5.9036e-05,		6.0079e-05,		6.4652e-05
765,		5.9039e-05,		6.0086e-05,		6.4652e-05
766,		5.9048e-05,		6.0100e-05,		6.4652e-05
767,		5.9055e-05,		6.0103e-05,		6.4652e-05
768,		5.9059e-05,		6.0111e-05,		6.4652e-05
769,		5.9065e-05,		6.0114e-05,		6.4652e-05
770,		5.9072e-05,		6.0121e-05,		6.4652e-05
771,		5.9082e-05,		6.0128e-05,		6.4652e-05
772,		5.9083e-05,		6.0136e-05,		6.4652e-05
773,		5.9087e-05,		6.0141e-05,		6.4652e-05
774,		5.9097e-05,		6.0164e-05,		6.4652e-05
775,		5.9105e-05,		6.0174e-05,		6.4652e-05
776,		5.9122e-05,		6.0192e-05,		6.4652e-05
777,		5.9136e-05,		6.0199e-05,		6.4652e-05
778,		5.9141e-05,		6.0208e-05,		6.4652e-05
779,		5.9147e-05,		6.0224e-05,		6.4652e-05
780,		5.9153e-05,		6.0226e-05,		6.4652e-05
781,		5.9163e-05,		6.0241e-05,		6.4652e-05
782,		5.9176e-05,		6.0254e-05,		6.4652e-05
783,		5.9185e-05,		6.0261e-05,		6.4652e-05
784,		5.9199e-05,		6.0269e-05,		6.4652e-05
785,		5.9213e-05,		6.0279e-05,		6.4652e-05
786,		5.9225e-05,		6.0302e-05,		6.4652e-05
787,		5.9235e-05,		6.0304e-05,		6.4652e-05
788,		5.9235e-05,		6.0304e-05,		6.4652e-05
789,		5.9253e-05,		6.0319e-05,		6.4652e-05
790,		5.9255e-05,		6.0330e-05,		6.4654e-05
791,		5.9266e-05,		6.0345e-05,		6.4654e-05
792,		5.9272e-05,		6.0358e-05,		6.4654e-05
793,		5.9282e-05,		6.0377e-05,		6.4654e-05
794,		5.9289e-05,		6.0393e-05,		6.4654e-05
795,		5.9322e-05,		6.0408e-05,		6.4654e-05
796,		5.9363e-05,		6.0428e-05,		6.4654e-05
797,		5.9366e-05,		6.0436e-05,		6.4654e-05
798,		5.9376e-05,		6.0439e-05,		6.4654e-05
799,		5.9379e-05,		6.0443e-05,		6.4654e-05
800,		5.9388e-05,		6.0459e-05,		6.4654e-05
801,		5.9403e-05,		6.0472e-05,		6.4654e-05
802,		5.9417e-05,		6.0480e-05,		6.4654e-05
803,		5.9434e-05,		6.0488e-05,		6.4654e-05
804,		5.9442e-05,		6.0500e-05,		6.4654e-05
805,		5.9446e-05,		6.0503e-05,		6.4654e-05
806,		5.9464e-05,		6.0524e-05,		6.4654e-05
807,		5.9478e-05,		6.0535e-05,		6.4654e-05
808,		5.9479e-05,		6.0538e-05,		6.4654e-05
809,		5.9481e-05,		6.0540e-05,		6.4654e-05
810,		5.9493e-05,		6.0543e-05,		6.4654e-05
811,		5.9508e-05,		6.0551e-05,		6.4654e-05
812,		5.9523e-05,		6.0560e-05,		6.4654e-05
813,		5.9526e-05,		6.0567e-05,		6.4654e-05
814,		5.9528e-05,		6.0569e-05,		6.4654e-05
815,		5.9541e-05,		6.0575e-05,		6.4654e-05
816,		5.9554e-05,		6.0581e-05,		6.4654e-05
817,		5.9556e-05,		6.0598e-05,		6.6284e-05
818,		5.9559e-05,		6.0603e-05,		6.6284e-05
819,		5.9563e-05,		6.0606e-05,		6.6284e-05
820,		5.9568e-05,		6.0607e-05,		6.6284e-05
821,		5.9568e-05,		6.0608e-05,		6.6284e-05
822,		5.9578e-05,		6.0612e-05,		6.6284e-05
823,		5.9582e-05,		6.0618e-05,		6.6284e-05
824,		5.9592e-05,		6.0626e-05,		6.6284e-05
825,		5.9601e-05,		6.0632e-05,		6.6284e-05
826,		5.9607e-05,		6.0637e-05,		6.6284e-05
827,		5.9615e-05,		6.0639e-05,		6.6284e-05
828,		5.9631e-05,		6.0649e-05,		6.6284e-05
829,		5.9639e-05,		6.0659e-05,		6.6284e-05
830,		5.9648e-05,		6.0670e-05,		6.6284e-05
831,		5.9651e-05,		6.0682e-05,		6.6284e-05
832,		5.9664e-05,		6.0691e-05,		6.6284e-05
833,		5.9671e-05,		6.0703e-05,		6.6284e-05
834,		5.9687e-05,		6.0707e-05,		6.6284e-05
835,		5.9691e-05,		6.0715e-05,		6.6284e-05
836,		5.9701e-05,		6.0721e-05,		6.6284e-05
837,		5.9711e-05,		6.0725e-05,		6.6284e-05
838,		5.9716e-05,		6.0728e-05,		6.6284e-05
839,		5.9723e-05,		6.0737e-05,		6.6284e-05
840,		5.9735e-05,		6.0740e-05,		6.6284e-05
841,		5.9741e-05,		6.0742e-05,		6.6284e-05
842,		5.9741e-05,		6.0743e-05,		6.6284e-05
843,		5.9750e-05,		6.0750e-05,		6.6284e-05
844,		5.9751e-05,		6.0751e-05,		6.6284e-05
845,		5.9763e-05,		6.0757e-05,		6.6284e-05
846,		5.9766e-05,		6.0761e-05,		6.6284e-05
847,		5.9776e-05,		6.0774e-05,		6.6284e-05
848,		5.9785e-05,		6.0779e-05,		6.6284e-05
849,		5.9797e-05,		6.0797e-05,		6.6284e-05
850,		5.9802e-05,		6.0804e-05,		6.6284e-05
851,		5.9808e-05,		6.0812e-05,		6.6284e-05
852,		5.9818e-05,		6.0828e-05,		6.6284e-05
853,		5.9828e-05,		6.0838e-05,		6.6284e-05
854,		5.9833e-05,		6.0841e-05,		6.6284e-05
855,		5.9844e-05,		6.0854e-05,		6.6284e-05
856,		5.9857e-05,		6.0863e-05,		6.6284e-05
857,		5.9869e-05,		6.0873e-05,		6.6284e-05
858,		5.9879e-05,		6.0886e-05,		6.6284e-05
859,		5.9881e-05,		6.0896e-05,		6.6284e-05
860,		5.9885e-05,		6.0905e-05,		6.6284e-05
861,		5.9895e-05,		6.0914e-05,		6.6284e-05
862,		5.9909e-05,		6.0925e-05,		6.6284e-05
863,		5.9929e-05,		6.0935e-05,		6.6284e-05
864,		5.9933e-05,		6.0943e-05,		6.6284e-05
865,		5.9939e-05,		6.0946e-05,		6.6284e-05
866,		5.9948e-05,		6.0959e-05,		6.6284e-05
867,		5.9949e-05,		6.0969e-05,		6.6284e-05
868,		5.9962e-05,		6.0974e-05,		6.6284e-05
869,		5.9996e-05,		6.1001e-05,		6.6284e-05
870,		6.0015e-05,		6.1006e-05,		6.6284e-05
871,		6.0018e-05,		6.1010e-05,		6.6284e-05
872,		6.0027e-05,		6.1020e-05,		6.6284e-05
873,		6.0034e-05,		6.1030e-05,		6.6284e-05
874,		6.0040e-05,		6.1042e-05,		6.6284e-05
875,		6.0050e-05,		6.1047e-05,		6.6284e-05
876,		6.0063e-05,		6.1058e-05,		6.6284e-05
877,		6.0071e-05,		6.1073e-05,		6.6284e-05
878,		6.0072e-05,		6.1075e-05,		6.6284e-05
879,		6.0072e-05,		6.1079e-05,		6.6284e-05
880,		6.0073e-05,		6.1083e-05,		6.6284e-05
881,		6.0090e-05,		6.1102e-05,		6.6284e-05
882,		6.0097e-05,		6.1116e-05,		6.6284e-05
883,		6.0099e-05,		6.1118e-05,		6.6284e-05
884,		6.0101e-05,		6.1125e-05,		6.6284e-05
885,		6.0107e-05,		6.1139e-05,		6.6284e-05
886,		6.0121e-05,		6.1147e-05,		6.6284e-05
887,		6.0121e-05,		6.1147e-05,		6.6284e-05
888,		6.0123e-05,		6.1147e-05,		6.6284e-05
889,		6.0124e-05,		6.1155e-05,		6.6284e-05
890,		6.0135e-05,		6.1160e-05,		6.6284e-05
891,		6.0157e-05,		6.1166e-05,		6.6284e-05
892,		6.0160e-05,		6.1169e-05,		6.6284e-05
893,		6.0166e-05,		6.1192e-05,		6.6284e-05
894,		6.0168e-05,		6.1193e-05,		6.6284e-05
895,		6.0173e-05,		6.1202e-05,		6.6284e-05
896,		6.0179e-05,		6.1211e-05,		6.6284e-05
897,		6.0181e-05,		6.1225e-05,		6.6284e-05
898,		6.0200e-05,		6.1243e-05,		6.6284e-05
899,		6.0205e-05,		6.1263e-05,		6.6284e-05
900,		6.0213e-05,		6.1267e-05,		6.6284e-05
901,		6.0217e-05,		6.1277e-05,		6.6284e-05
902,		6.0222e-05,		6.1293e-05,		6.6284e-05
903,		6.0228e-05,		6.1301e-05,		6.6284e-05
904,		6.0240e-05,		6.1307e-05,		6.6284e-05
905,		6.0245e-05,		6.1313e-05,		6.6284e-05
906,		6.0250e-05,		6.1325e-05,		6.6284e-05
907,		6.0252e-05,		6.1331e-05,		6.6284e-05
908,		6.0260e-05,		6.1337e-05,		6.6284e-05
909,		6.0271e-05,		6.1346e-05,		6.6284e-05
910,		6.0282e-05,		6.1358e-05,		6.6284e-05
911,		6.0298e-05,		6.1379e-05,		6.6284e-05
912,		6.0306e-05,		6.1387e-05,		6.6284e-05
913,		6.0316e-05,		6.1395e-05,		6.6284e-05
914,		6.0316e-05,		6.1405e-05,		6.6284e-05
915,		6.0331e-05,		6.1419e-05,		6.6284e-05
916,		6.0337e-05,		6.1425e-05,		6.6284e-05
917,		6.0341e-05,		6.1428e-05,		6.6284e-05
918,		6.0342e-05,		6.1429e-05,		6.6284e-05
919,		6.0349e-05,		6.1433e-05,		6.6284e-05
920,		6.0357e-05,		6.1438e-05,		6.6284e-05
921,		6.0361e-05,		6.1448e-05,		6.6284e-05
922,		6.0371e-05,		6.1457e-05,		6.6284e-05
923,		6.0373e-05,		6.1457e-05,		6.6284e-05
924,		6.0396e-05,		6.1475e-05,		6.6284e-05
925,		6.0405e-05,		6.1484e-05,		6.6284e-05
926,		6.0417e-05,		6.1490e-05,		6.6284e-05
927,		6.0422e-05,		6.1493e-05,		6.6284e-05
928,		6.0430e-05,		6.1501e-05,		6.6284e-05
929,		6.0438e-05,		6.1505e-05,		6.6284e-05
930,		6.0450e-05,		6.1510e-05,		6.6284e-05
931,		6.0462e-05,		6.1517e-05,		6.6284e-05
932,		6.0467e-05,		6.1529e-05,		6.6284e-05
933,		6.0467e-05,		6.1533e-05,		6.6284e-05
934,		6.0478e-05,		6.1542e-05,		6.6284e-05
935,		6.0482e-05,		6.1547e-05,		6.6284e-05
936,		6.0491e-05,		6.1554e-05,		6.6284e-05
937,		6.0493e-05,		6.1564e-05,		6.6284e-05
938,		6.0494e-05,		6.1564e-05,		6.6284e-05
939,		6.0521e-05,		6.1578e-05,		6.6284e-05
940,		6.0525e-05,		6.1591e-05,		6.6284e-05
941,		6.0535e-05,		6.1604e-05,		6.6284e-05
942,		6.0544e-05,		6.1611e-05,		6.6284e-05
943,		6.0549e-05,		6.1617e-05,		6.6284e-05
944,		6.0558e-05,		6.1623e-05,		6.6284e-05
945,		6.0576e-05,		6.1647e-05,		6.6284e-05
946,		6.0580e-05,		6.1654e-05,		6.6284e-05
947,		6.0592e-05,		6.1666e-05,		6.6284e-05
948,		6.0594e-05,		6.1667e-05,		6.6284e-05
949,		6.0597e-05,		6.1668e-05,		6.6284e-05
950,		6.0608e-05,		6.1670e-05,		6.6284e-05
951,		6.0619e-05,		6.1674e-05,		6.6284e-05
952,		6.0624e-05,		6.1691e-05,		6.8353e-05
953,		6.0626e-05,		6.1695e-05,		6.8353e-05
954,		6.0634e-05,		6.1707e-05,		6.8353e-05
955,		6.0635e-05,		6.1710e-05,		6.8353e-05
956,		6.0650e-05,		6.1721e-05,		6.8353e-05
957,		6.0656e-05,		6.1725e-05,		6.8353e-05
958,		6.0673e-05,		6.1730e-05,		6.8353e-05
959,		6.0686e-05,		6.1738e-05,		6.8353e-05
960,		6.0691e-05,		6.1744e-05,		6.8353e-05
961,		6.0693e-05,		6.1745e-05,		6.8353e-05
962,		6.0700e-05,		6.1752e-05,		6.8353e-05
963,		6.0714e-05,		6.1763e-05,		6.8353e-05
964,		6.0723e-05,		6.1767e-05,		6.8353e-05
965,		6.0745e-05,		6.1779e-05,		6.8353e-05
966,		6.0754e-05,		6.1785e-05,		6.8353e-05
967,		6.0766e-05,		6.1793e-05,		6.8353e-05
968,		6.0772e-05,		6.1798e-05,		6.8353e-05
969,		6.0779e-05,		6.1808e-05,		6.8353e-05
970,		6.0813e-05,		6.1839e-05,		6.8353e-05
971,		6.0813e-05,		6.1839e-05,		6.8353e-05
972,		6.0815e-05,		6.1850e-05,		6.8353e-05
973,		6.0817e-05,		6.1865e-05,		6.8353e-05
974,		6.0820e-05,		6.1872e-05,		6.8353e-05
975,		6.0827e-05,		6.1883e-05,		6.8353e-05
976,		6.0836e-05,		6.1891e-05,		6.8353e-05
977,		6.0855e-05,		6.1917e-05,		6.8353e-05
978,		6.0857e-05,		6.1920e-05,		6.8353e-05
979,		6.0857e-05,		6.1923e-05,		6.8353e-05
980,		6.0868e-05,		6.1943e-05,		6.8353e-05
981,		6.0874e-05,		6.1961e-05,		6.8353e-05
982,		6.0883e-05,		6.1963e-05,		6.8353e-05
983,		6.0891e-05,		6.1971e-05,		6.8353e-05
984,		6.0900e-05,		6.1975e-05,		6.8353e-05
985,		6.0912e-05,		6.1986e-05,		6.8353e-05
986,		6.0916e-05,		6.1992e-05,		6.8353e-05
987,		6.0917e-05,		6.1993e-05,		6.8353e-05
988,		6.0922e-05,		6.2005e-05,		6.8353e-05
989,		6.0924e-05,		6.2006e-05,		6.8353e-05
990,		6.0935e-05,		6.2015e-05,		6.8353e-05
991,		6.0945e-05,		6.2020e-05,		6.8353e-05
992,		6.0958e-05,		6.2029e-05,		6.8353e-05
993,		6.0965e-05,		6.2031e-05,		6.8353e-05
994,		6.0965e-05,		6.2036e-05,		6.8353e-05
995,		6.0976e-05,		6.2042e-05,		6.8353e-05
996,		6.0990e-05,		6.2052e-05,		6.8353e-05
997,		6.0994e-05,		6.2058e-05,		6.8353e-05
998,		6.1004e-05,		6.2067e-05,		6.8353e-05
999,		6.1012e-05,		6.2071e-05,		6.8353e-05
1000,		6.1026e-05,		6.2089e-05,		6.8353e-05
1001,		6.1032e-05,		6.2093e-05,		6.8353e-05
1002,		6.1041e-05,		6.2096e-05,		6.8353e-05
1003,		6.1042e-05,		6.2107e-05,		6.8353e-05
1004,		6.1043e-05,		6.2113e-05,		6.8353e-05
1005,		6.1045e-05,		6.2119e-05,		6.8353e-05
1006,		6.1048e-05,		6.2121e-05,		6.8353e-05
1007,		6.1060e-05,		6.2126e-05,		6.8353e-05
1008,		6.1067e-05,		6.2130e-05,		6.8353e-05
1009,		6.1077e-05,		6.2139e-05,		6.8353e-05
1010,		6.1084e-05,		6.2148e-05,		6.8353e-05
1011,		6.1085e-05,		6.2149e-05,		6.8353e-05
1012,		6.1098e-05,		6.2163e-05,		6.8353e-05
1013,		6.1116e-05,		6.2175e-05,		6.8353e-05
1014,		6.1119e-05,		6.2177e-05,		6.8353e-05
1015,		6.1125e-05,		6.2184e-05,		6.8353e-05
1016,		6.1127e-05,		6.2187e-05,		6.8353e-05
1017,		6.1137e-05,		6.2193e-05,		6.8353e-05
1018,		6.1147e-05,		6.2200e-05,		6.8353e-05
1019,		6.1150e-05,		6.2201e-05,		6.8353e-05
1020,		6.1155e-05,		6.2204e-05,		6.8353e-05
1021,		6.1156e-05,		6.2209e-05,		6.8353e-05
1022,		6.1162e-05,		6.2218e-05,		6.8353e-05
1023,		6.1166e-05,		6.2220e-05,		6.8353e-05
1024,		6.1174e-05,		6.2222e-05,		6.8353e-05
1025,		6.1177e-05,		6.2227e-05,		6.8353e-05
1026,		6.1178e-05,		6.2230e-05,		6.8353e-05
1027,		6.1178e-05,		6.2230e-05,		6.8353e-05
1028,		6.1185e-05,		6.2232e-05,		6.8353e-05
1029,		6.1187e-05,		6.2247e-05,		6.8353e-05
1030,		6.1196e-05,		6.2258e-05,		6.8353e-05
1031,		6.1201e-05,		6.2273e-05,		6.8353e-05
1032,		6.1210e-05,		6.2288e-05,		6.8353e-05
1033,		6.1210e-05,		6.2288e-05,		6.8353e-05
1034,		6.1214e-05,		6.2290e-05,		6.8353e-05
1035,		6.1222e-05,		6.2296e-05,		6.8353e-05
1036,		6.1236e-05,		6.2303e-05,		6.8353e-05
1037,		6.1252e-05,		6.2310e-05,		6.8353e-05
1038,		6.1256e-05,		6.2317e-05,		6.8353e-05
1039,		6.1267e-05,		6.2324e-05,		6.8353e-05
1040,		6.1272e-05,		6.2330e-05,		6.8353e-05
1041,		6.1292e-05,		6.2341e-05,		6.8353e-05
1042,		6.1315e-05,		6.2354e-05,		6.8353e-05
1043,		6.1318e-05,		6.2360e-05,		6.8353e-05
1044,		6.1328e-05,		6.2373e-05,		6.8353e-05
1045,		6.1342e-05,		6.2379e-05,		6.8353e-05
1046,		6.1355e-05,		6.2380e-05,		6.8353e-05
1047,		6.1364e-05,		6.2392e-05,		6.8353e-05
1048,		6.1375e-05,		6.2396e-05,		6.8353e-05
1049,		6.1386e-05,		6.2410e-05,		6.8353e-05
1050,		6.1389e-05,		6.2411e-05,		6.8353e-05
1051,		6.1407e-05,		6.2426e-05,		6.8353e-05
1052,		6.1421e-05,		6.2441e-05,		6.8353e-05
1053,		6.1439e-05,		6.2464e-05,		6.8353e-05
1054,		6.1459e-05,		6.2484e-05,		6.9541e-05
1055,		6.1460e-05,		6.2486e-05,		6.9541e-05
1056,		6.1462e-05,		6.2487e-05,		6.9541e-05
1057,		6.1464e-05,		6.2489e-05,		6.9541e-05
1058,		6.1473e-05,		6.2491e-05,		6.9541e-05
1059,		6.1482e-05,		6.2496e-05,		6.9541e-05
1060,		6.1488e-05,		6.2499e-05,		6.9541e-05
1061,		6.1508e-05,		6.2519e-05,		6.9541e-05
1062,		6.1513e-05,		6.2529e-05,		6.9541e-05
1063,		6.1521e-05,		6.2537e-05,		6.9541e-05
1064,		6.1529e-05,		6.2540e-05,		6.9541e-05
1065,		6.1534e-05,		6.2547e-05,		6.9541e-05
1066,		6.1536e-05,		6.2548e-05,		6.9541e-05
1067,		6.1541e-05,		6.2555e-05,		6.9541e-05
1068,		6.1543e-05,		6.2569e-05,		6.9541e-05
1069,		6.1564e-05,		6.2573e-05,		6.9541e-05
1070,		6.1571e-05,		6.2580e-05,		6.9541e-05
1071,		6.1580e-05,		6.2592e-05,		6.9541e-05
1072,		6.1585e-05,		6.2609e-05,		6.9541e-05
1073,		6.1602e-05,		6.2643e-05,		6.9541e-05
1074,		6.1605e-05,		6.2647e-05,		6.9541e-05
1075,		6.1625e-05,		6.2659e-05,		6.9541e-05
1076,		6.1630e-05,		6.2662e-05,		6.9541e-05
1077,		6.1633e-05,		6.2668e-05,		6.9541e-05
1078,		6.1642e-05,		6.2677e-05,		6.9541e-05
1079,		6.1648e-05,		6.2684e-05,		6.9541e-05
1080,		6.1652e-05,		6.2690e-05,		6.9541e-05
1081,		6.1673e-05,		6.2708e-05,		6.9541e-05
1082,		6.1677e-05,		6.2710e-05,		6.9541e-05
1083,		6.1689e-05,		6.2723e-05,		6.9541e-05
1084,		6.1691e-05,		6.2739e-05,		6.9541e-05
1085,		6.1694e-05,		6.2748e-05,		6.9541e-05
1086,		6.1703e-05,		6.2756e-05,		6.9541e-05
1087,		6.1711e-05,		6.2762e-05,		6.9541e-05
1088,		6.1721e-05,		6.2770e-05,		6.9541e-05
1089,		6.1732e-05,		6.2775e-05,		6.9541e-05
1090,		6.1740e-05,		6.2777e-05,		6.9541e-05
1091,		6.1743e-05,		6.2790e-05,		6.9541e-05
1092,		6.1751e-05,		6.2801e-05,		6.9541e-05
1093,		6.1758e-05,		6.2809e-05,		6.9541e-05
1094,		6.1760e-05,		6.2813e-05,		6.9541e-05
1095,		6.1768e-05,		6.2816e-05,		6.9541e-05
1096,		6.1773e-05,		6.2829e-05,		6.9541e-05
1097,		6.1784e-05,		6.2838e-05,		6.9541e-05
1098,		6.1794e-05,		6.2839e-05,		6.9541e-05
1099,		6.1811e-05,		6.2851e-05,		6.9541e-05
1100,		6.1820e-05,		6.2867e-05,		6.9541e-05
1101,		6.1830e-05,		6.2884e-05,		6.9541e-05
1102,		6.1832e-05,		6.2894e-05,		6.9541e-05
1103,		6.1836e-05,		6.2904e-05,		6.9541e-05
1104,		6.1841e-05,		6.2905e-05,		6.9541e-05
1105,		6.1863e-05,		6.2934e-05,		6.9541e-05
1106,		6.1883e-05,		6.2963e-05,		6.9541e-05
1107,		6.1883e-05,		6.2967e-05,		6.9541e-05
1108,		6.1907e-05,		6.2994e-05,		6.9541e-05
1109,		6.1915e-05,		6.3002e-05,		6.9541e-05
1110,		6.1928e-05,		6.3008e-05,		6.9541e-05
1111,		6.1939e-05,		6.3017e-05,		6.9541e-05
1112,		6.1940e-05,		6.3026e-05,		6.9541e-05
1113,		6.1954e-05,		6.3037e-05,		6.9541e-05
1114,		6.1955e-05,		6.3037e-05,		6.9541e-05
1115,		6.1965e-05,		6.3047e-05,		6.9541e-05
1116,		6.1977e-05,		6.3049e-05,		6.9541e-05
1117,		6.1979e-05,		6.3054e-05,		6.9541e-05
1118,		6.1992e-05,		6.3064e-05,		6.9541e-05
1119,		6.1993e-05,		6.3065e-05,		6.9541e-05
1120,		6.2002e-05,		6.3070e-05,		6.9541e-05
1121,		6.2008e-05,		6.3081e-05,		6.9541e-05
1122,		6.2012e-05,		6.3088e-05,		6.9541e-05
1123,		6.2016e-05,		6.3097e-05,		6.9541e-05
1124,		6.2024e-05,		6.3104e-05,		6.9541e-05
1125,		6.2028e-05,		6.3113e-05,		6.9541e-05
1126,		6.2032e-05,		6.3119e-05,		6.9541e-05
1127,		6.2036e-05,		6.3126e-05,		6.9541e-05
1128,		6.2036e-05,		6.3130e-05,		6.9541e-05
1129,		6.2046e-05,		6.3134e-05,		6.9541e-05
1130,		6.2049e-05,		6.3137e-05,		6.9541e-05
1131,		6.2055e-05,		6.3139e-05,		6.9541e-05
1132,		6.2061e-05,		6.3152e-05,		6.9541e-05
1133,		6.2075e-05,		6.3171e-05,		6.9541e-05
1134,		6.2091e-05,		6.3180e-05,		6.9541e-05
1135,		6.2096e-05,		6.3186e-05,		6.9541e-05
1136,		6.2098e-05,		6.3198e-05,		6.9541e-05
1137,		6.2106e-05,		6.3211e-05,		6.9541e-05
1138,		6.2109e-05,		6.3213e-05,		6.9541e-05
1139,		6.2114e-05,		6.3221e-05,		6.9541e-05
1140,		6.2124e-05,		6.3222e-05,		6.9541e-05
1141,		6.2127e-05,		6.3228e-05,		6.9541e-05
1142,		6.2139e-05,		6.3235e-05,		6.9541e-05
1143,		6.2151e-05,		6.3248e-05,		6.9541e-05
1144,		6.2157e-05,		6.3260e-05,		6.9541e-05
1145,		6.2164e-05,		6.3265e-05,		6.9541e-05
1146,		6.2175e-05,		6.3271e-05,		6.9541e-05
1147,		6.2176e-05,		6.3276e-05,		6.9541e-05
1148,		6.2184e-05,		6.3291e-05,		6.9541e-05
1149,		6.2190e-05,		6.3302e-05,		6.9541e-05
1150,		6.2190e-05,		6.3302e-05,		6.9541e-05
1151,		6.2192e-05,		6.3312e-05,		6.9541e-05
1152,		6.2202e-05,		6.3326e-05,		6.9541e-05
1153,		6.2209e-05,		6.3329e-05,		6.9541e-05
1154,		6.2216e-05,		6.3333e-05,		6.9541e-05
1155,		6.2221e-05,		6.3337e-05,		6.9541e-05
1156,		6.2237e-05,		6.3344e-05,		6.9541e-05
1157,		6.2240e-05,		6.3347e-05,		6.9541e-05
1158,		6.2242e-05,		6.3352e-05,		6.9541e-05
1159,		6.2243e-05,		6.3362e-05,		6.9541e-05
1160,		6.2256e-05,		6.3369e-05,		6.9541e-05
1161,		6.2266e-05,		6.3382e-05,		6.9541e-05
1162,		6.2284e-05,		6.3396e-05,		6.9541e-05
1163,		6.2284e-05,		6.3402e-05,		6.9541e-05
1164,		6.2299e-05,		6.3408e-05,		6.9541e-05
1165,		6.2319e-05,		6.3421e-05,		6.9541e-05
1166,		6.2336e-05,		6.3434e-05,		6.9541e-05
1167,		6.2344e-05,		6.3435e-05,		6.9541e-05
1168,		6.2352e-05,		6.3447e-05,		6.9541e-05
1169,		6.2369e-05,		6.3462e-05,		6.9541e-05
1170,		6.2383e-05,		6.3485e-05,		6.9541e-05
1171,		6.2394e-05,		6.3492e-05,		6.9541e-05
1172,		6.2394e-05,		6.3492e-05,		6.9541e-05
1173,		6.2407e-05,		6.3506e-05,		6.9541e-05
1174,		6.2418e-05,		6.3514e-05,		6.9541e-05
1175,		6.2435e-05,		6.3536e-05,		6.9541e-05
1176,		6.2447e-05,		6.3549e-05,		6.9541e-05
1177,		6.2453e-05,		6.3554e-05,		6.9541e-05
1178,		6.2459e-05,		6.3563e-05,		6.9541e-05
1179,		6.2459e-05,		6.3563e-05,		6.9541e-05
1180,		6.2477e-05,		6.3581e-05,		6.9541e-05
1181,		6.2486e-05,		6.3594e-05,		6.9541e-05
1182,		6.2490e-05,		6.3604e-05,		6.9541e-05
1183,		6.2490e-05,		6.3604e-05,		6.9541e-05
1184,		6.2491e-05,		6.3605e-05,		6.9541e-05
1185,		6.2510e-05,		6.3610e-05,		6.9541e-05
1186,		6.2514e-05,		6.3617e-05,		6.9541e-05
1187,		6.2525e-05,		6.3626e-05,		6.9541e-05
1188,		6.2527e-05,		6.3637e-05,		6.9541e-05
1189,		6.2535e-05,		6.3640e-05,		6.9541e-05
1190,		6.2537e-05,		6.3649e-05,		6.9541e-05
1191,		6.2551e-05,		6.3659e-05,		6.9541e-05
1192,		6.2551e-05,		6.3659e-05,		6.9541e-05
1193,		6.2567e-05,		6.3674e-05,		6.9541e-05
1194,		6.2575e-05,		6.3682e-05,		6.9541e-05
1195,		6.2579e-05,		6.3685e-05,		6.9541e-05
1196,		6.2586e-05,		6.3687e-05,		6.9541e-05
1197,		6.2587e-05,		6.3698e-05,		6.9541e-05
1198,		6.2597e-05,		6.3700e-05,		6.9541e-05
1199,		6.2607e-05,		6.3705e-05,		6.9541e-05
1200,		6.2607e-05,		6.3706e-05,		6.9541e-05
1201,		6.2611e-05,		6.3711e-05,		6.9541e-05
1202,		6.2621e-05,		6.3719e-05,		6.9541e-05
1203,		6.2633e-05,		6.3730e-05,		6.9541e-05
1204,		6.2637e-05,		6.3738e-05,		6.9541e-05
1205,		6.2637e-05,		6.3738e-05,		6.9541e-05
1206,		6.2637e-05,		6.3738e-05,		6.9541e-05
1207,		6.2642e-05,		6.3740e-05,		6.9541e-05
1208,		6.2654e-05,		6.3742e-05,		6.9541e-05
1209,		6.2675e-05,		6.3750e-05,		6.9541e-05
1210,		6.2677e-05,		6.3752e-05,		6.9541e-05
1211,		6.2680e-05,		6.3753e-05,		6.9541e-05
1212,		6.2689e-05,		6.3754e-05,		6.9541e-05
1213,		6.2697e-05,		6.3759e-05,		6.9541e-05
1214,		6.2709e-05,		6.3772e-05,		6.9541e-05
1215,		6.2711e-05,		6.3772e-05,		6.9541e-05
1216,		6.2721e-05,		6.3791e-05,		7.0311e-05
1217,		6.2723e-05,		6.3793e-05,		7.0311e-05
1218,		6.2724e-05,		6.3797e-05,		7.0311e-05
1219,		6.2732e-05,		6.3821e-05,		7.0343e-05
1220,		6.2738e-05,		6.3827e-05,		7.0343e-05
1221,		6.2746e-05,		6.3830e-05,		7.0343e-05
1222,		6.2751e-05,		6.3831e-05,		7.0343e-05
1223,		6.2758e-05,		6.3834e-05,		7.0343e-05
1224,		6.2761e-05,		6.3853e-05,		7.0343e-05
1225,		6.2767e-05,		6.3861e-05,		7.0343e-05
1226,		6.2775e-05,		6.3863e-05,		7.0343e-05
1227,		6.2775e-05,		6.3863e-05,		7.0343e-05
1228,		6.2776e-05,		6.3864e-05,		7.0343e-05
1229,		6.2782e-05,		6.3869e-05,		7.0343e-05
1230,		6.2784e-05,		6.3882e-05,		7.0343e-05
1231,		6.2789e-05,		6.3887e-05,		7.0343e-05
1232,		6.2789e-05,		6.3887e-05,		7.0343e-05
1233,		6.2795e-05,		6.3907e-05,		7.0343e-05
1234,		6.2802e-05,		6.3911e-05,		7.0343e-05
1235,		6.2806e-05,		6.3913e-05,		7.0343e-05
1236,		6.2806e-05,		6.3914e-05,		7.0343e-05
1237,		6.2810e-05,		6.3922e-05,		7.0343e-05
1238,		6.2835e-05,		6.3940e-05,		7.0343e-05
1239,		6.2835e-05,		6.3940e-05,		7.0343e-05
1240,		6.2840e-05,		6.3950e-05,		7.0343e-05
1241,		6.2849e-05,		6.3964e-05,		7.0343e-05
1242,		6.2849e-05,		6.3965e-05,		7.0343e-05
1243,		6.2849e-05,		6.3965e-05,		7.0343e-05
1244,		6.2855e-05,		6.3979e-05,		7.0343e-05
1245,		6.2868e-05,		6.3988e-05,		7.0343e-05
1246,		6.2871e-05,		6.3997e-05,		7.0343e-05
1247,		6.2871e-05,		6.4003e-05,		7.0343e-05
1248,		6.2877e-05,		6.4015e-05,		7.0343e-05
1249,		6.2889e-05,		6.4018e-05,		7.0343e-05
1250,		6.2889e-05,		6.4020e-05,		7.0343e-05
1251,		6.2892e-05,		6.4030e-05,		7.0343e-05
1252,		6.2896e-05,		6.4044e-05,		7.0343e-05
1253,		6.2901e-05,		6.4067e-05,		7.0343e-05
1254,		6.2903e-05,		6.4082e-05,		7.0551e-05
1255,		6.2924e-05,		6.4095e-05,		7.0551e-05
1256,		6.2931e-05,		6.4114e-05,		7.0551e-05
1257,		6.2934e-05,		6.4120e-05,		7.0551e-05
1258,		6.2937e-05,		6.4130e-05,		7.0551e-05
1259,		6.2938e-05,		6.4135e-05,		7.0551e-05
1260,		6.2938e-05,		6.4135e-05,		7.0551e-05
1261,		6.2943e-05,		6.4138e-05,		7.0551e-05
1262,		6.2949e-05,		6.4143e-05,		7.0551e-05
1263,		6.2955e-05,		6.4151e-05,		7.0551e-05
1264,		6.2969e-05,		6.4164e-05,		7.0551e-05
1265,		6.2972e-05,		6.4174e-05,		7.0551e-05
1266,		6.2985e-05,		6.4187e-05,		7.0551e-05
1267,		6.2985e-05,		6.4190e-05,		7.0551e-05
1268,		6.2996e-05,		6.4198e-05,		7.0551e-05
1269,		6.3005e-05,		6.4199e-05,		7.0551e-05
1270,		6.3009e-05,		6.4200e-05,		7.0551e-05
1271,		6.3023e-05,		6.4207e-05,		7.0551e-05
1272,		6.3023e-05,		6.4207e-05,		7.0551e-05
1273,		6.3029e-05,		6.4216e-05,		7.0551e-05
1274,		6.3031e-05,		6.4221e-05,		7.0551e-05
1275,		6.3037e-05,		6.4222e-05,		7.0551e-05
1276,		6.3061e-05,		6.4245e-05,		7.0551e-05
1277,		6.3070e-05,		6.4252e-05,		7.0551e-05
1278,		6.3078e-05,		6.4263e-05,		7.0551e-05
1279,		6.3099e-05,		6.4280e-05,		7.0551e-05
1280,		6.3100e-05,		6.4285e-05,		7.0551e-05
1281,		6.3102e-05,		6.4285e-05,		7.0551e-05
1282,		6.3102e-05,		6.4285e-05,		7.0551e-05
1283,		6.3105e-05,		6.4286e-05,		7.0551e-05
1284,		6.3108e-05,		6.4303e-05,		7.0551e-05
1285,		6.3120e-05,		6.4316e-05,		7.0551e-05
1286,		6.3129e-05,		6.4324e-05,		7.0551e-05
1287,		6.3136e-05,		6.4337e-05,		7.0551e-05
1288,		6.3140e-05,		6.4346e-05,		7.0551e-05
1289,		6.3146e-05,		6.4350e-05,		7.0551e-05
1290,		6.3153e-05,		6.4356e-05,		7.0551e-05
1291,		6.3156e-05,		6.4359e-05,		7.0551e-05
1292,		6.3164e-05,		6.4364e-05,		7.0551e-05
1293,		6.3190e-05,		6.4378e-05,		7.0551e-05
1294,		6.3196e-05,		6.4394e-05,		7.0551e-05
1295,		6.3206e-05,		6.4405e-05,		7.0551e-05
1296,		6.3210e-05,		6.4407e-05,		7.0551e-05
1297,		6.3218e-05,		6.4422e-05,		7.0551e-05
1298,		6.3229e-05,		6.4424e-05,		7.0551e-05
1299,		6.3234e-05,		6.4428e-05,		7.0551e-05
1300,		6.3237e-05,		6.4438e-05,		7.0551e-05
1301,		6.3238e-05,		6.4439e-05,		7.0551e-05
1302,		6.3240e-05,		6.4442e-05,		7.0551e-05
1303,		6.3242e-05,		6.4450e-05,		7.0551e-05
1304,		6.3243e-05,		6.4451e-05,		7.0551e-05
1305,		6.3247e-05,		6.4457e-05,		7.0551e-05
1306,		6.3255e-05,		6.4469e-05,		7.0551e-05
1307,		6.3260e-05,		6.4476e-05,		7.0551e-05
1308,		6.3261e-05,		6.4476e-05,		7.0551e-05
1309,		6.3267e-05,		6.4478e-05,		7.0551e-05
1310,		6.3271e-05,		6.4484e-05,		7.0551e-05
1311,		6.3276e-05,		6.4502e-05,		7.0551e-05
1312,		6.3277e-05,		6.4505e-05,		7.0551e-05
1313,		6.3294e-05,		6.4522e-05,		7.0551e-05
1314,		6.3315e-05,		6.4537e-05,		7.0551e-05
1315,		6.3316e-05,		6.4540e-05,		7.0551e-05
1316,		6.3326e-05,		6.4559e-05,		7.0551e-05
1317,		6.3338e-05,		6.4567e-05,		7.0551e-05
1318,		6.3344e-05,		6.4582e-05,		7.0551e-05
1319,		6.3357e-05,		6.4608e-05,		7.0680e-05
1320,		6.3359e-05,		6.4613e-05,		7.0680e-05
1321,		6.3371e-05,		6.4624e-05,		7.0680e-05
1322,		6.3380e-05,		6.4643e-05,		7.0680e-05
1323,		6.3385e-05,		6.4647e-05,		7.0680e-05
1324,		6.3398e-05,		6.4653e-05,		7.0680e-05
1325,		6.3406e-05,		6.4672e-05,		7.0680e-05
1326,		6.3419e-05,		6.4688e-05,		7.0680e-05
1327,		6.3426e-05,		6.4691e-05,		7.0680e-05
1328,		6.3428e-05,		6.4697e-05,		7.0680e-05
1329,		6.3443e-05,		6.4703e-05,		7.0680e-05
1330,		6.3448e-05,		6.4707e-05,		7.0680e-05
1331,		6.3452e-05,		6.4712e-05,		7.0680e-05
1332,		6.3469e-05,		6.4724e-05,		7.0680e-05
1333,		6.3480e-05,		6.4737e-05,		7.0680e-05
1334,		6.3489e-05,		6.4753e-05,		7.0680e-05
1335,		6.3492e-05,		6.4760e-05,		7.0680e-05
1336,		6.3496e-05,		6.4772e-05,		7.0680e-05
1337,		6.3512e-05,		6.4776e-05,		7.0680e-05
1338,		6.3527e-05,		6.4786e-05,		7.0680e-05
1339,		6.3542e-05,		6.4798e-05,		7.0680e-05
1340,		6.3555e-05,		6.4808e-05,		7.0680e-05
1341,		6.3565e-05,		6.4811e-05,		7.0680e-05
1342,		6.3567e-05,		6.4815e-05,		7.0680e-05
1343,		6.3578e-05,		6.4827e-05,		7.0680e-05
1344,		6.3596e-05,		6.4842e-05,		7.0680e-05
1345,		6.3621e-05,		6.4853e-05,		7.0680e-05
1346,		6.3621e-05,		6.4854e-05,		7.0680e-05
1347,		6.3634e-05,		6.4862e-05,		7.0680e-05
1348,		6.3637e-05,		6.4865e-05,		7.0680e-05
1349,		6.3638e-05,		6.4869e-05,		7.0680e-05
1350,		6.3646e-05,		6.4880e-05,		7.0680e-05
1351,		6.3651e-05,		6.4881e-05,		7.0680e-05
1352,		6.3656e-05,		6.4891e-05,		7.0680e-05
1353,		6.3660e-05,		6.4892e-05,		7.0680e-05
1354,		6.3673e-05,		6.4902e-05,		7.0680e-05
1355,		6.3682e-05,		6.4908e-05,		7.0680e-05
1356,		6.3687e-05,		6.4916e-05,		7.0680e-05
1357,		6.3693e-05,		6.4933e-05,		7.0680e-05
1358,		6.3693e-05,		6.4933e-05,		7.0680e-05
1359,		6.3707e-05,		6.4946e-05,		7.0680e-05
1360,		6.3707e-05,		6.4946e-05,		7.0680e-05
1361,		6.3714e-05,		6.4948e-05,		7.0680e-05
1362,		6.3723e-05,		6.4951e-05,		7.0680e-05
1363,		6.3724e-05,		6.4952e-05,		7.0680e-05
1364,		6.3727e-05,		6.4965e-05,		7.0680e-05
1365,		6.3727e-05,		6.4965e-05,		7.0680e-05
1366,		6.3728e-05,		6.4966e-05,		7.0680e-05
1367,		6.3731e-05,		6.4970e-05,		7.0680e-05
1368,		6.3736e-05,		6.4973e-05,		7.0680e-05
1369,		6.3747e-05,		6.4981e-05,		7.0680e-05
1370,		6.3754e-05,		6.4985e-05,		7.0680e-05
1371,		6.3759e-05,		6.4992e-05,		7.0680e-05
1372,		6.3759e-05,		6.4993e-05,		7.0680e-05
1373,		6.3768e-05,		6.5005e-05,		7.0680e-05
1374,		6.3772e-05,		6.5011e-05,		7.0680e-05
1375,		6.3772e-05,		6.5019e-05,		7.0680e-05
1376,		6.3797e-05,		6.5030e-05,		7.0680e-05
1377,		6.3803e-05,		6.5043e-05,		7.0680e-05
1378,		6.3811e-05,		6.5049e-05,		7.0680e-05
1379,		6.3818e-05,		6.5055e-05,		7.0680e-05
1380,		6.3824e-05,		6.5057e-05,		7.0680e-05
1381,		6.3835e-05,		6.5061e-05,		7.0680e-05
1382,		6.3837e-05,		6.5062e-05,		7.0680e-05
1383,		6.3844e-05,		6.5064e-05,		7.0680e-05
1384,		6.3856e-05,		6.5072e-05,		7.0680e-05
1385,		6.3867e-05,		6.5082e-05,		7.0680e-05
1386,		6.3871e-05,		6.5088e-05,		7.0680e-05
1387,		6.3872e-05,		6.5094e-05,		7.0680e-05
1388,		6.3885e-05,		6.5111e-05,		7.0680e-05
1389,		6.3890e-05,		6.5116e-05,		7.0680e-05
1390,		6.3891e-05,		6.5116e-05,		7.0680e-05
1391,		6.3895e-05,		6.5119e-05,		7.0680e-05
1392,		6.3896e-05,		6.5120e-05,		7.0680e-05
1393,		6.3908e-05,		6.5126e-05,		7.0680e-05
1394,		6.3910e-05,		6.5126e-05,		7.0680e-05
1395,		6.3927e-05,		6.5135e-05,		7.0680e-05
1396,		6.3962e-05,		6.5156e-05,		7.0680e-05
1397,		6.3974e-05,		6.5169e-05,		7.0680e-05
1398,		6.3979e-05,		6.5172e-05,		7.0680e-05
1399,		6.3989e-05,		6.5186e-05,		7.0680e-05
1400,		6.3994e-05,		6.5196e-05,		7.0680e-05
1401,		6.4009e-05,		6.5202e-05,		7.0680e-05
1402,		6.4011e-05,		6.5210e-05,		7.0680e-05
1403,		6.4020e-05,		6.5220e-05,		7.0680e-05
1404,		6.4029e-05,		6.5242e-05,		7.0680e-05
1405,		6.4029e-05,		6.5242e-05,		7.0680e-05
1406,		6.4038e-05,		6.5249e-05,		7.0680e-05
1407,		6.4041e-05,		6.5258e-05,		7.0680e-05
1408,		6.4052e-05,		6.5273e-05,		7.0680e-05
1409,		6.4061e-05,		6.5279e-05,		7.0680e-05
1410,		6.4083e-05,		6.5299e-05,		7.0680e-05
1411,		6.4089e-05,		6.5303e-05,		7.0680e-05
1412,		6.4107e-05,		6.5322e-05,		7.0680e-05
1413,		6.4117e-05,		6.5329e-05,		7.0680e-05
1414,		6.4118e-05,		6.5332e-05,		7.0680e-05
1415,		6.4119e-05,		6.5338e-05,		7.0680e-05
1416,		6.4125e-05,		6.5343e-05,		7.0680e-05
1417,		6.4128e-05,		6.5346e-05,		7.0680e-05
1418,		6.4141e-05,		6.5355e-05,		7.0680e-05
1419,		6.4141e-05,		6.5363e-05,		7.0680e-05
1420,		6.4149e-05,		6.5376e-05,		7.0680e-05
1421,		6.4150e-05,		6.5383e-05,		7.0680e-05
1422,		6.4154e-05,		6.5385e-05,		7.0680e-05
1423,		6.4155e-05,		6.5388e-05,		7.0680e-05
1424,		6.4160e-05,		6.5391e-05,		7.0680e-05
1425,		6.4166e-05,		6.5403e-05,		7.0680e-05
1426,		6.4193e-05,		6.5420e-05,		7.0680e-05
1427,		6.4195e-05,		6.5421e-05,		7.0680e-05
1428,		6.4208e-05,		6.5426e-05,		7.0680e-05
1429,		6.4212e-05,		6.5428e-05,		7.0680e-05
1430,		6.4219e-05,		6.5436e-05,		7.0680e-05
1431,		6.4221e-05,		6.5446e-05,		7.0680e-05
1432,		6.4243e-05,		6.5462e-05,		7.0680e-05
1433,		6.4265e-05,		6.5465e-05,		7.0680e-05
1434,		6.4277e-05,		6.5469e-05,		7.0680e-05
1435,		6.4284e-05,		6.5486e-05,		7.0680e-05
1436,		6.4286e-05,		6.5486e-05,		7.0680e-05
1437,		6.4293e-05,		6.5488e-05,		7.0680e-05
1438,		6.4299e-05,		6.5500e-05,		7.0680e-05
1439,		6.4305e-05,		6.5509e-05,		7.0680e-05
1440,		6.4315e-05,		6.5526e-05,		7.0680e-05
1441,		6.4319e-05,		6.5526e-05,		7.0680e-05
1442,		6.4335e-05,		6.5543e-05,		7.1399e-05
1443,		6.4335e-05,		6.5543e-05,		7.1399e-05
1444,		6.4335e-05,		6.5545e-05,		7.1399e-05
1445,		6.4347e-05,		6.5553e-05,		7.1399e-05
1446,		6.4355e-05,		6.5564e-05,		7.1399e-05
1447,		6.4361e-05,		6.5565e-05,		7.1399e-05
1448,		6.4372e-05,		6.5577e-05,		7.1399e-05
1449,		6.4372e-05,		6.5578e-05,		7.1399e-05
1450,		6.4379e-05,		6.5585e-05,		7.1399e-05
1451,		6.4392e-05,		6.5595e-05,		7.1399e-05
1452,		6.4396e-05,		6.5608e-05,		7.1399e-05
1453,		6.4403e-05,		6.5617e-05,		7.1399e-05
1454,		6.4413e-05,		6.5626e-05,		7.1399e-05
1455,		6.4416e-05,		6.5628e-05,		7.1399e-05
1456,		6.4416e-05,		6.5631e-05,		7.1399e-05
1457,		6.4423e-05,		6.5637e-05,		7.1399e-05
1458,		6.4424e-05,		6.5638e-05,		7.1399e-05
1459,		6.4424e-05,		6.5638e-05,		7.1399e-05
1460,		6.4424e-05,		6.5638e-05,		7.1399e-05
1461,		6.4426e-05,		6.5649e-05,		7.1399e-05
1462,		6.4440e-05,		6.5658e-05,		7.1399e-05
1463,		6.4461e-05,		6.5667e-05,		7.1399e-05
1464,		6.4463e-05,		6.5667e-05,		7.1399e-05
1465,		6.4470e-05,		6.5672e-05,		7.1399e-05
1466,		6.4473e-05,		6.5682e-05,		7.1399e-05
1467,		6.4483e-05,		6.5683e-05,		7.1399e-05
1468,		6.4485e-05,		6.5694e-05,		7.1399e-05
1469,		6.4487e-05,		6.5696e-05,		7.1399e-05
1470,		6.4492e-05,		6.5698e-05,		7.1399e-05
1471,		6.4496e-05,		6.5703e-05,		7.1399e-05
1472,		6.4511e-05,		6.5717e-05,		7.1399e-05
1473,		6.4524e-05,		6.5734e-05,		7.1399e-05
1474,		6.4524e-05,		6.5735e-05,		7.1399e-05
1475,		6.4524e-05,		6.5735e-05,		7.1399e-05
1476,		6.4535e-05,		6.5744e-05,		7.1399e-05
1477,		6.4543e-05,		6.5758e-05,		7.1399e-05
1478,		6.4547e-05,		6.5769e-05,		7.1399e-05
1479,		6.4577e-05,		6.5782e-05,		7.1399e-05
1480,		6.4578e-05,		6.5782e-05,		7.1399e-05
1481,		6.4590e-05,		6.5787e-05,		7.1399e-05
1482,		6.4597e-05,		6.5797e-05,		7.1399e-05
1483,		6.4597e-05,		6.5801e-05,		7.1399e-05
1484,		6.4597e-05,		6.5801e-05,		7.1399e-05
1485,		6.4603e-05,		6.5811e-05,		7.1399e-05
1486,		6.4607e-05,		6.5815e-05,		7.1399e-05
1487,		6.4611e-05,		6.5827e-05,		7.1399e-05
1488,		6.4619e-05,		6.5842e-05,		7.1399e-05
1489,		6.4632e-05,		6.5849e-05,		7.1399e-05
1490,		6.4634e-05,		6.5854e-05,		7.1399e-05
1491,		6.4649e-05,		6.5892e-05,		7.2057e-05
1492,		6.4652e-05,		6.5901e-05,		7.2057e-05
1493,		6.4652e-05,		6.5906e-05,		7.2057e-05
1494,		6.4652e-05,		6.5906e-05,		7.2057e-05
1495,		6.4660e-05,		6.5910e-05,		7.2057e-05
1496,		6.4671e-05,		6.5913e-05,		7.2057e-05
1497,		6.4671e-05,		6.5913e-05,		7.2057e-05
1498,		6.4671e-05,		6.5913e-05,		7.2057e-05
1499,		6.4673e-05,		6.5914e-05,		7.2057e-05
