GEN,	MIN,			AVE,			MAX,
  0,		24984.53,		29248.52,		33276.95
  1,		23873.04,		27977.01,		29255.48
  2,		23873.04,		27442.57,		28466.09
  3,		23873.04,		27048.00,		28006.91
  4,		23873.04,		26713.52,		27588.15
  5,		23873.04,		26474.58,		27274.92
  6,		23873.04,		26243.30,		26999.22
  7,		22819.13,		26059.23,		26781.06
  8,		22819.13,		25854.30,		26583.39
  9,		21491.25,		25647.44,		26351.76
 10,		21491.25,		25492.25,		26167.85
 11,		21491.25,		25324.49,		26001.72
 12,		21491.25,		25192.63,		25858.07
 13,		21491.25,		25058.15,		25695.26
 14,		20848.70,		24947.57,		25578.17
 15,		20848.70,		24830.51,		25475.97
 16,		20848.70,		24710.57,		25342.19
 17,		20848.70,		24598.46,		25221.92
 18,		20848.70,		24504.28,		25126.51
 19,		20848.70,		24403.72,		25042.07
 20,		20848.70,		24299.38,		24928.88
 21,		20848.70,		24207.52,		24830.57
 22,		20848.70,		24106.39,		24720.06
 23,		20848.70,		24025.32,		24617.03
 24,		20848.70,		23960.17,		24528.63
 25,		20848.70,		23890.66,		24461.37
 26,		20848.70,		23803.32,		24372.72
 27,		20848.70,		23740.34,		24300.01
 28,		20663.07,		23672.27,		24239.41
 29,		20663.07,		23610.15,		24181.86
 30,		20663.07,		23534.04,		24100.74
 31,		20663.07,		23467.11,		24034.42
 32,		20663.07,		23414.47,		23975.32
 33,		20663.07,		23361.40,		23906.58
 34,		20663.07,		23305.55,		23849.66
 35,		20663.07,		23262.66,		23787.81
 36,		20663.07,		23209.56,		23753.95
 37,		20663.07,		23168.41,		23728.48
 38,		20663.07,		23111.58,		23684.88
 39,		20663.07,		23044.34,		23615.57
 40,		20663.07,		22982.69,		23557.25
 41,		20663.07,		22936.25,		23512.51
 42,		20663.07,		22880.12,		23454.61
 43,		20663.07,		22828.70,		23392.77
 44,		20663.07,		22791.17,		23350.08
 45,		19185.48,		22753.42,		23288.56
 46,		19185.48,		22701.91,		23236.97
 47,		19185.48,		22658.85,		23189.46
 48,		19185.48,		22620.75,		23146.96
 49,		19185.48,		22578.01,		23103.81
 50,		19185.48,		22536.06,		23067.73
 51,		19185.48,		22495.55,		23028.64
 52,		19185.48,		22451.30,		23000.09
 53,		19185.48,		22406.02,		22954.84
 54,		19185.48,		22367.66,		22916.88
 55,		19185.48,		22326.30,		22880.04
 56,		19185.48,		22282.28,		22834.60
 57,		19185.48,		22243.87,		22804.51
 58,		19185.48,		22209.63,		22742.66
 59,		19185.48,		22185.25,		22714.63
 60,		19185.48,		22154.85,		22693.29
 61,		19185.48,		22115.41,		22659.39
 62,		19185.48,		22089.69,		22618.12
 63,		19185.48,		22049.35,		22583.82
 64,		19185.48,		22009.48,		22550.82
 65,		19185.48,		21977.95,		22504.73
 66,		19185.48,		21942.68,		22461.82
 67,		19185.48,		21920.12,		22419.26
 68,		19185.48,		21900.32,		22399.89
 69,		19185.48,		21870.46,		22363.01
 70,		19185.48,		21845.57,		22319.50
 71,		19185.48,		21822.91,		22291.06
 72,		19185.48,		21786.88,		22249.97
 73,		19185.48,		21734.35,		22216.44
 74,		19185.48,		21703.25,		22174.57
 75,		19185.48,		21677.19,		22135.57
 76,		19185.48,		21656.45,		22117.45
 77,		19185.48,		21640.02,		22100.68
 78,		19185.48,		21607.42,		22069.99
 79,		19185.48,		21575.35,		22035.89
 80,		19185.48,		21551.98,		22013.97
 81,		19185.48,		21532.00,		22003.44
 82,		19185.48,		21501.11,		21970.32
 83,		19185.48,		21477.43,		21933.94
 84,		19185.48,		21461.76,		21920.96
 85,		18424.24,		21424.02,		21888.25
 86,		18424.24,		21404.40,		21861.27
 87,		18424.24,		21376.40,		21844.86
 88,		18424.24,		21341.70,		21818.01
 89,		18424.24,		21314.57,		21786.31
 90,		18424.24,		21280.01,		21753.15
 91,		18424.24,		21263.59,		21732.61
 92,		18424.24,		21232.61,		21701.79
 93,		18424.24,		21217.59,		21688.81
 94,		18424.24,		21191.80,		21657.43
 95,		18424.24,		21183.02,		21644.05
 96,		18424.24,		21152.70,		21626.55
 97,		18424.24,		21132.94,		21604.97
 98,		18424.24,		21103.72,		21582.29
 99,		18424.24,		21090.05,		21566.38
100,		18424.24,		21072.83,		21546.23
101,		18424.24,		21033.67,		21509.81
102,		18424.24,		21018.46,		21485.47
103,		18424.24,		20989.29,		21460.69
104,		18424.24,		20972.45,		21443.72
105,		18424.24,		20944.37,		21421.82
106,		18424.24,		20925.08,		21398.79
107,		18424.24,		20901.63,		21367.45
108,		18424.24,		20886.77,		21350.95
109,		18424.24,		20877.50,		21336.18
110,		18424.24,		20852.87,		21317.31
111,		18424.24,		20835.95,		21303.15
112,		18424.24,		20810.37,		21269.43
113,		18424.24,		20783.98,		21248.52
114,		18424.24,		20769.28,		21228.22
115,		18424.24,		20749.49,		21222.64
116,		18424.24,		20731.44,		21195.89
117,		18424.24,		20713.45,		21171.52
118,		18424.24,		20699.20,		21156.41
119,		18424.24,		20690.48,		21147.94
120,		18424.24,		20678.66,		21128.83
121,		18424.24,		20661.87,		21110.77
122,		18424.24,		20649.66,		21100.46
123,		18424.24,		20630.92,		21084.71
124,		18110.53,		20622.36,		21077.68
125,		18110.53,		20602.93,		21054.18
126,		18110.53,		20579.26,		21036.33
127,		18110.53,		20558.58,		21016.74
128,		18110.53,		20540.19,		20987.12
129,		18110.53,		20528.73,		20972.98
130,		18110.53,		20512.55,		20959.55
131,		18110.53,		20495.29,		20943.02
132,		18110.53,		20483.08,		20935.39
133,		18110.53,		20461.92,		20904.76
134,		18110.53,		20438.36,		20890.56
135,		17793.54,		20415.68,		20869.63
136,		17793.54,		20406.41,		20852.95
137,		17793.54,		20389.33,		20841.26
138,		17793.54,		20382.18,		20831.68
139,		17793.54,		20375.03,		20825.46
140,		17793.54,		20365.03,		20812.62
141,		17793.54,		20351.08,		20794.91
142,		17793.54,		20345.17,		20784.28
143,		17793.54,		20324.68,		20772.26
144,		17793.54,		20314.77,		20758.94
145,		17793.54,		20305.62,		20751.22
146,		17793.54,		20293.93,		20741.03
147,		17793.54,		20279.22,		20716.82
148,		17793.54,		20263.27,		20703.58
149,		17793.54,		20255.34,		20690.71
150,		17793.54,		20240.12,		20677.73
151,		17793.54,		20215.68,		20657.91
152,		17793.54,		20194.02,		20636.17
153,		17793.54,		20180.79,		20629.57
154,		17793.54,		20160.78,		20612.01
155,		17793.54,		20152.34,		20598.89
156,		17793.54,		20139.81,		20587.21
157,		17793.54,		20125.02,		20577.73
158,		17793.54,		20110.53,		20561.11
159,		17793.54,		20100.12,		20550.98
160,		17793.54,		20096.44,		20541.80
161,		17793.54,		20089.61,		20533.21
162,		17793.54,		20075.77,		20513.38
163,		17793.54,		20063.34,		20495.68
164,		17793.54,		20049.83,		20485.86
165,		17793.54,		20038.02,		20472.98
166,		17793.54,		20029.04,		20460.63
167,		17793.54,		20016.30,		20446.76
168,		17793.54,		19998.34,		20431.25
169,		17793.54,		19985.49,		20421.15
170,		17793.54,		19965.91,		20407.43
171,		17793.54,		19953.78,		20394.03
172,		17793.54,		19947.72,		20384.14
173,		17793.54,		19930.06,		20361.71
174,		17793.54,		19916.58,		20354.52
175,		17793.54,		19907.43,		20346.27
176,		17793.54,		19900.04,		20332.69
177,		17793.54,		19881.77,		20318.91
178,		17793.54,		19876.58,		20310.99
179,		17793.54,		19862.02,		20282.31
180,		17793.54,		19851.17,		20272.04
181,		17793.54,		19846.58,		20264.61
182,		17793.54,		19825.53,		20252.15
183,		17793.54,		19812.93,		20238.90
184,		17793.54,		19802.15,		20233.77
185,		17793.54,		19788.97,		20217.49
186,		17793.54,		19776.05,		20203.14
187,		17793.54,		19767.76,		20193.12
188,		17793.54,		19755.41,		20180.12
189,		17793.54,		19746.22,		20175.40
190,		17793.54,		19727.29,		20164.63
191,		17793.54,		19718.29,		20155.81
192,		17793.54,		19710.05,		20149.92
193,		17793.54,		19697.03,		20132.29
194,		17793.54,		19690.35,		20127.64
195,		17793.54,		19671.10,		20111.15
196,		17793.54,		19662.55,		20101.50
197,		17793.54,		19647.78,		20090.76
198,		17793.54,		19625.69,		20078.75
199,		17793.54,		19618.53,		20068.68
200,		17597.97,		19601.33,		20050.86
201,		17597.97,		19591.30,		20040.17
202,		17597.97,		19583.77,		20035.00
203,		17597.97,		19572.86,		20017.41
204,		17597.97,		19561.93,		20003.36
205,		17597.97,		19553.71,		19988.90
206,		17597.97,		19537.56,		19970.71
207,		17597.97,		19530.92,		19961.89
208,		17597.97,		19523.05,		19945.21
209,		17597.97,		19512.04,		19933.36
210,		17597.97,		19497.87,		19915.18
211,		17597.97,		19484.07,		19897.07
212,		17597.97,		19465.01,		19879.16
213,		17597.97,		19456.71,		19871.72
214,		17597.97,		19444.46,		19853.30
215,		17597.97,		19434.09,		19842.86
216,		17597.97,		19423.03,		19831.32
217,		17597.97,		19412.71,		19819.56
218,		17597.97,		19400.04,		19808.12
219,		17597.97,		19391.20,		19796.75
220,		17597.97,		19382.97,		19782.79
221,		17597.97,		19374.95,		19772.56
222,		17597.97,		19365.37,		19755.08
223,		17597.97,		19352.47,		19738.68
224,		17597.97,		19345.49,		19730.51
225,		17597.97,		19339.83,		19723.08
226,		17597.97,		19329.68,		19716.78
227,		17597.97,		19319.97,		19700.39
228,		17597.97,		19306.52,		19694.64
229,		17597.97,		19290.48,		19678.99
230,		17597.97,		19286.77,		19669.94
231,		17597.97,		19282.04,		19662.95
232,		17597.97,		19275.51,		19654.65
233,		17597.97,		19268.16,		19650.28
234,		17597.97,		19256.40,		19638.22
235,		17597.97,		19245.08,		19623.74
236,		17597.97,		19236.57,		19616.51
237,		17597.97,		19229.17,		19606.68
238,		17597.97,		19220.38,		19592.50
239,		17597.97,		19211.13,		19579.11
240,		17597.97,		19204.51,		19576.40
241,		17597.97,		19191.13,		19566.97
242,		17597.97,		19181.59,		19559.02
243,		17597.97,		19171.05,		19551.23
244,		17597.97,		19160.97,		19545.34
245,		17597.97,		19152.75,		19538.36
246,		17597.97,		19146.67,		19531.21
247,		17597.97,		19137.14,		19514.16
248,		17597.97,		19130.25,		19506.70
249,		17597.97,		19126.25,		19500.62
250,		17597.97,		19122.77,		19496.06
251,		17597.97,		19117.17,		19483.64
252,		17597.97,		19105.25,		19473.41
253,		17597.97,		19102.69,		19463.74
254,		17597.97,		19096.80,		19454.53
255,		17597.97,		19083.02,		19444.78
256,		17597.97,		19078.68,		19440.11
257,		17597.97,		19071.02,		19437.00
258,		17597.97,		19056.74,		19427.72
259,		17597.97,		19052.86,		19423.68
260,		17597.97,		19047.74,		19421.42
261,		17597.97,		19040.79,		19413.29
262,		17597.97,		19035.63,		19407.19
263,		17597.97,		19028.41,		19398.02
264,		17597.97,		19024.49,		19388.08
265,		17597.97,		19018.82,		19385.76
266,		17597.97,		19009.13,		19371.00
267,		17597.97,		18998.29,		19359.99
268,		17597.97,		18989.87,		19356.86
269,		17597.97,		18983.61,		19353.07
270,		17597.97,		18973.89,		19349.35
271,		17296.75,		18963.19,		19341.02
272,		17296.75,		18960.23,		19339.14
273,		17296.75,		18953.91,		19331.78
274,		17296.75,		18950.48,		19321.70
275,		17296.75,		18948.60,		19319.33
276,		17296.75,		18940.89,		19312.19
277,		17294.00,		18932.30,		19305.87
278,		17294.00,		18930.08,		19299.82
279,		17294.00,		18919.92,		19284.03
280,		17294.00,		18909.13,		19260.98
281,		17294.00,		18905.74,		19256.25
282,		17294.00,		18902.81,		19250.51
283,		17294.00,		18899.35,		19247.73
284,		17294.00,		18892.21,		19245.30
285,		17294.00,		18884.64,		19240.57
286,		17294.00,		18875.39,		19236.69
287,		17294.00,		18867.73,		19228.34
288,		17294.00,		18857.36,		19221.57
289,		17294.00,		18853.65,		19216.53
290,		17294.00,		18849.45,		19209.84
291,		17294.00,		18842.65,		19196.95
292,		17294.00,		18836.99,		19189.46
293,		17294.00,		18830.63,		19181.93
294,		17294.00,		18826.67,		19177.69
295,		17294.00,		18822.03,		19177.13
296,		17294.00,		18818.65,		19172.05
297,		17294.00,		18810.67,		19165.67
298,		17294.00,		18807.45,		19158.38
299,		17294.00,		18802.49,		19149.47
300,		17294.00,		18799.90,		19145.48
301,		16975.20,		18786.81,		19136.93
302,		16975.20,		18773.32,		19123.24
303,		16975.20,		18771.23,		19117.65
304,		16975.20,		18767.36,		19115.74
305,		16975.20,		18764.44,		19110.93
306,		16975.20,		18754.87,		19099.51
307,		16975.20,		18749.44,		19095.37
308,		16975.20,		18744.32,		19085.37
309,		16975.20,		18739.20,		19079.11
310,		16975.20,		18732.49,		19072.54
311,		16975.20,		18727.45,		19068.59
312,		16975.20,		18719.75,		19064.12
313,		16975.20,		18709.31,		19056.03
314,		16975.20,		18703.34,		19051.40
315,		16975.20,		18698.19,		19049.03
316,		16975.20,		18694.58,		19045.92
317,		16975.20,		18688.88,		19042.63
318,		16975.20,		18670.11,		19032.00
319,		16975.20,		18667.42,		19031.06
320,		16975.20,		18665.04,		19026.86
321,		16975.20,		18656.81,		19024.15
322,		16975.20,		18653.02,		19019.16
323,		16975.20,		18645.39,		19013.96
324,		16975.20,		18639.22,		19010.42
325,		16975.20,		18628.82,		19003.45
326,		16975.20,		18624.32,		18998.30
327,		16975.20,		18622.02,		18995.30
328,		16975.20,		18619.66,		18991.14
329,		16975.20,		18614.51,		18987.98
330,		16975.20,		18611.02,		18985.59
331,		16975.20,		18602.91,		18976.31
332,		16975.20,		18596.09,		18969.96
333,		16975.20,		18592.76,		18963.49
334,		16975.20,		18583.22,		18946.75
335,		16975.20,		18575.26,		18940.23
336,		16975.20,		18571.23,		18936.56
337,		16975.20,		18566.94,		18931.64
338,		16975.20,		18563.47,		18926.38
339,		16975.20,		18560.26,		18921.63
340,		16975.20,		18558.14,		18918.59
341,		16975.20,		18555.86,		18914.15
342,		16975.20,		18547.63,		18907.42
343,		16975.20,		18538.97,		18897.75
344,		16975.20,		18533.46,		18885.19
345,		16975.20,		18526.75,		18872.70
346,		16975.20,		18518.57,		18865.30
347,		16975.20,		18511.05,		18856.94
348,		16975.20,		18506.99,		18850.94
349,		16975.20,		18503.11,		18847.86
350,		16975.20,		18497.07,		18834.72
351,		16975.20,		18488.73,		18828.28
352,		16975.20,		18480.96,		18819.99
353,		16975.20,		18475.42,		18811.48
354,		16530.80,		18463.28,		18801.26
355,		16530.80,		18459.31,		18799.08
356,		16530.80,		18456.12,		18791.96
357,		16530.80,		18448.88,		18788.76
358,		16530.80,		18444.50,		18785.11
359,		16530.80,		18442.39,		18783.48
360,		16530.80,		18431.40,		18776.33
361,		16530.80,		18424.09,		18770.58
362,		16530.80,		18419.48,		18761.52
363,		16530.80,		18416.90,		18757.41
364,		16530.80,		18411.39,		18754.08
365,		16530.80,		18404.08,		18750.39
366,		16530.80,		18400.15,		18742.85
367,		16530.80,		18389.01,		18739.83
368,		16530.80,		18383.30,		18734.12
369,		16530.80,		18374.86,		18724.84
370,		16530.80,		18369.63,		18718.69
371,		16530.80,		18367.30,		18717.11
372,		16530.80,		18359.81,		18704.54
373,		16530.80,		18356.24,		18702.94
374,		16530.80,		18352.54,		18695.71
375,		16530.80,		18347.65,		18690.79
376,		16530.80,		18343.44,		18685.01
377,		16530.80,		18340.89,		18681.91
378,		16530.80,		18333.95,		18671.48
379,		16530.80,		18331.24,		18669.25
380,		16530.80,		18328.36,		18662.33
381,		16530.80,		18319.46,		18653.91
382,		16530.80,		18310.02,		18648.76
383,		16530.80,		18303.84,		18643.73
384,		16530.80,		18299.60,		18634.61
385,		16530.80,		18297.24,		18630.21
386,		16530.80,		18292.88,		18626.82
387,		16530.80,		18288.51,		18622.09
388,		16530.80,		18280.15,		18617.01
389,		16140.56,		18269.11,		18608.33
390,		16140.56,		18259.43,		18598.51
391,		16140.56,		18257.35,		18598.10
392,		16140.56,		18252.88,		18592.84
393,		16140.56,		18249.56,		18590.14
394,		16140.56,		18245.05,		18583.79
395,		16140.56,		18240.86,		18580.51
396,		16140.56,		18237.23,		18578.06
397,		16140.56,		18236.26,		18577.00
398,		16140.56,		18233.49,		18573.05
399,		16140.56,		18229.61,		18567.02
400,		16140.56,		18223.79,		18562.16
401,		16140.56,		18220.66,		18559.22
402,		16140.56,		18215.86,		18557.63
403,		16140.56,		18210.47,		18551.82
404,		16140.56,		18205.40,		18547.29
405,		16140.56,		18201.30,		18543.26
406,		16140.56,		18195.72,		18538.11
407,		16140.56,		18187.16,		18533.23
408,		16140.56,		18182.63,		18529.18
409,		16140.56,		18180.10,		18526.72
410,		16140.56,		18173.06,		18519.37
411,		16140.56,		18169.15,		18513.62
412,		16140.56,		18163.69,		18505.25
413,		16140.56,		18160.14,		18500.31
414,		16140.56,		18154.61,		18497.17
415,		16140.56,		18150.38,		18494.05
416,		16140.56,		18147.36,		18490.13
417,		16140.56,		18145.68,		18486.70
418,		16140.56,		18140.81,		18482.13
419,		16140.56,		18138.05,		18480.40
420,		16140.56,		18134.18,		18477.14
421,		16140.56,		18131.09,		18474.65
422,		16140.56,		18127.45,		18470.05
423,		16140.56,		18122.45,		18462.72
424,		16140.56,		18117.29,		18460.07
425,		16140.56,		18111.59,		18456.02
426,		16140.56,		18107.70,		18448.20
427,		16140.56,		18098.33,		18438.45
428,		16140.56,		18094.81,		18433.16
429,		16140.56,		18091.52,		18429.95
430,		16140.56,		18083.17,		18424.24
431,		16140.56,		18077.42,		18419.31
432,		16140.56,		18071.32,		18414.63
433,		16140.56,		18065.47,		18410.13
434,		16140.56,		18058.80,		18405.08
435,		16140.56,		18055.10,		18402.52
436,		16140.56,		18052.38,		18398.53
437,		16140.56,		18049.68,		18392.38
438,		16140.56,		18042.16,		18385.54
439,		16140.56,		18025.83,		18378.05
440,		16140.56,		18020.15,		18372.35
441,		16140.56,		18015.39,		18368.74
442,		16140.56,		18010.81,		18357.98
443,		16140.56,		18007.80,		18356.24
444,		16140.56,		18005.49,		18354.28
445,		16140.56,		18004.94,		18354.22
446,		16140.56,		18000.72,		18345.47
447,		16140.56,		17996.19,		18342.41
448,		16140.56,		17993.38,		18339.77
449,		16140.56,		17991.36,		18337.26
450,		16140.56,		17988.05,		18332.64
451,		16140.56,		17978.74,		18325.38
452,		16140.56,		17975.32,		18321.99
453,		16140.56,		17973.68,		18320.43
454,		16140.56,		17970.50,		18318.13
455,		16140.56,		17962.69,		18312.86
456,		16140.56,		17951.89,		18306.32
457,		16140.56,		17950.30,		18306.32
458,		16140.56,		17942.92,		18298.50
459,		16140.56,		17937.14,		18289.37
460,		16140.56,		17933.16,		18287.65
461,		16140.56,		17929.47,		18283.31
462,		16140.56,		17924.27,		18276.87
463,		16140.56,		17916.79,		18268.40
464,		16140.56,		17908.43,		18264.39
465,		16140.56,		17900.89,		18259.71
466,		16140.56,		17895.23,		18242.55
467,		16140.56,		17889.60,		18237.68
468,		16140.56,		17881.88,		18230.80
469,		16140.56,		17874.85,		18219.13
470,		16140.56,		17868.76,		18216.09
471,		16140.56,		17864.51,		18213.30
472,		16140.56,		17860.91,		18209.31
473,		16140.56,		17854.36,		18200.22
474,		16140.56,		17849.12,		18196.88
475,		16140.56,		17837.15,		18190.83
476,		16140.56,		17830.83,		18182.72
477,		16140.56,		17824.23,		18174.85
478,		16140.56,		17816.92,		18168.49
479,		16140.56,		17810.65,		18164.43
480,		16140.56,		17806.50,		18154.12
481,		16140.56,		17798.86,		18149.37
482,		16140.56,		17793.04,		18138.97
483,		16140.56,		17789.32,		18135.46
484,		16140.56,		17779.15,		18126.48
485,		16140.56,		17771.60,		18121.58
486,		16140.56,		17764.36,		18116.13
487,		16140.56,		17760.02,		18110.59
488,		16140.56,		17744.33,		18103.00
489,		16140.56,		17740.15,		18094.59
490,		16140.56,		17737.34,		18090.15
491,		16140.56,		17733.29,		18086.71
492,		16140.56,		17730.15,		18085.47
493,		16140.56,		17726.47,		18079.73
494,		16140.56,		17723.18,		18074.68
495,		16140.56,		17713.04,		18069.62
496,		16140.56,		17710.88,		18064.14
497,		16140.56,		17707.50,		18062.13
498,		16140.56,		17702.79,		18058.53
499,		16140.56,		17700.76,		18056.73
500,		16140.56,		17696.82,		18054.98
501,		16140.56,		17693.89,		18050.43
502,		16140.56,		17691.95,		18045.60
503,		16140.56,		17688.22,		18037.64
504,		16140.56,		17682.37,		18033.17
505,		16140.56,		17679.01,		18030.52
506,		16140.56,		17676.56,		18023.40
507,		16140.56,		17672.68,		18017.40
508,		16140.56,		17663.56,		18008.75
509,		16140.56,		17660.38,		18004.53
510,		16140.56,		17653.17,		17995.92
511,		16140.56,		17644.53,		17988.20
512,		16140.56,		17639.78,		17977.72
513,		16140.56,		17635.22,		17969.91
514,		16140.56,		17632.40,		17967.42
515,		16140.56,		17631.07,		17966.21
516,		16140.56,		17627.44,		17961.78
517,		16140.56,		17621.46,		17952.64
518,		16140.56,		17618.20,		17951.47
519,		16140.56,		17613.21,		17945.99
520,		16140.56,		17610.92,		17937.95
521,		16140.56,		17606.68,		17935.54
522,		16140.56,		17603.77,		17932.53
523,		16140.56,		17597.43,		17925.53
524,		16140.56,		17588.77,		17920.82
525,		16140.56,		17587.31,		17918.58
526,		16140.56,		17581.44,		17915.16
527,		16140.56,		17578.83,		17913.00
528,		16140.56,		17576.92,		17907.37
529,		16140.56,		17575.32,		17905.70
530,		16140.56,		17573.76,		17903.79
531,		16140.56,		17571.48,		17898.96
532,		16140.56,		17563.56,		17891.96
533,		16140.56,		17558.42,		17889.72
534,		16140.56,		17553.13,		17886.49
535,		16140.56,		17545.57,		17877.71
536,		16140.56,		17537.30,		17869.92
537,		16140.56,		17527.88,		17858.12
538,		16140.56,		17525.58,		17853.95
539,		16140.56,		17522.42,		17844.86
540,		16140.56,		17515.80,		17837.65
541,		16140.56,		17509.43,		17833.66
542,		16140.56,		17505.93,		17827.59
543,		16140.56,		17503.34,		17825.09
544,		16140.56,		17500.21,		17819.44
545,		16140.56,		17495.35,		17815.35
546,		16140.56,		17485.49,		17806.55
547,		16140.56,		17481.21,		17800.61
548,		16140.56,		17476.19,		17792.92
549,		16140.56,		17469.43,		17790.45
550,		16140.56,		17466.98,		17787.78
551,		16140.56,		17460.33,		17785.14
552,		16140.56,		17455.90,		17776.88
553,		16140.56,		17446.64,		17770.55
554,		16140.56,		17444.79,		17769.88
555,		16140.56,		17442.32,		17766.63
556,		16140.56,		17436.15,		17761.23
557,		16140.56,		17435.01,		17760.56
558,		16140.56,		17432.19,		17753.88
559,		16140.56,		17417.74,		17744.68
560,		16140.56,		17413.52,		17740.78
561,		16140.56,		17409.13,		17735.32
562,		16140.56,		17401.30,		17730.39
563,		16140.56,		17397.66,		17726.14
564,		16140.56,		17392.55,		17722.23
565,		16140.56,		17383.87,		17718.94
566,		16140.56,		17380.44,		17714.57
567,		16140.56,		17378.68,		17711.24
568,		16140.56,		17377.75,		17710.28
569,		16140.56,		17373.95,		17706.70
570,		16140.56,		17367.52,		17696.80
571,		16140.56,		17363.92,		17687.66
572,		16140.56,		17360.13,		17685.32
573,		16140.56,		17356.72,		17682.10
574,		16140.56,		17352.09,		17681.04
575,		16140.56,		17347.51,		17678.13
576,		16140.56,		17340.91,		17674.18
577,		16140.56,		17334.62,		17668.19
578,		16140.56,		17333.53,		17663.95
579,		16140.56,		17329.85,		17660.07
580,		16140.56,		17327.05,		17657.59
581,		16140.56,		17323.36,		17652.57
582,		16140.56,		17320.62,		17648.32
583,		16140.56,		17314.57,		17639.95
584,		16140.56,		17311.06,		17634.99
585,		16140.56,		17308.64,		17634.29
586,		16140.56,		17307.32,		17633.73
587,		16140.56,		17305.21,		17632.83
588,		16140.56,		17305.10,		17632.45
589,		16140.56,		17304.53,		17628.25
590,		15467.31,		17295.69,		17625.73
591,		15467.31,		17290.32,		17619.12
592,		15467.31,		17285.62,		17615.89
593,		15467.31,		17280.41,		17612.70
594,		15467.31,		17276.87,		17607.17
595,		15467.31,		17272.88,		17599.17
596,		15467.31,		17269.88,		17597.23
597,		15467.31,		17266.27,		17591.66
598,		15467.31,		17264.89,		17590.02
599,		15467.31,		17260.26,		17581.58
600,		15467.31,		17255.78,		17579.85
601,		15467.31,		17253.71,		17578.54
602,		15467.31,		17249.85,		17575.41
603,		15467.31,		17245.65,		17571.39
604,		15467.31,		17243.07,		17566.83
605,		15467.31,		17237.66,		17562.22
606,		15467.31,		17232.26,		17558.61
607,		15467.31,		17228.57,		17553.59
608,		15467.31,		17226.93,		17550.29
609,		15467.31,		17222.74,		17544.03
610,		15467.31,		17221.53,		17541.83
611,		15467.31,		17217.39,		17537.79
612,		15467.31,		17214.08,		17536.61
613,		15467.31,		17208.38,		17534.17
614,		15467.31,		17204.84,		17528.80
615,		15467.31,		17197.73,		17525.77
616,		15467.31,		17192.44,		17519.41
617,		15467.31,		17189.99,		17517.40
618,		15467.31,		17185.76,		17515.18
619,		15467.31,		17179.79,		17510.45
620,		15467.31,		17176.96,		17505.53
621,		15467.31,		17171.01,		17499.79
622,		15467.31,		17165.82,		17496.24
623,		15467.31,		17163.60,		17496.03
624,		15467.31,		17159.73,		17492.96
625,		15467.31,		17157.98,		17488.19
626,		15467.31,		17151.69,		17485.44
627,		15467.31,		17148.54,		17482.94
628,		15467.31,		17145.40,		17478.98
629,		15467.31,		17141.68,		17474.10
630,		15467.31,		17135.24,		17470.81
631,		15467.31,		17129.15,		17462.24
632,		15467.31,		17127.04,		17460.27
633,		15467.31,		17123.67,		17457.62
634,		15467.31,		17115.70,		17454.94
635,		15467.31,		17112.27,		17451.60
636,		15467.31,		17108.79,		17450.41
637,		15467.31,		17102.99,		17446.14
638,		15467.31,		17100.96,		17444.37
639,		15467.31,		17097.39,		17443.98
640,		15467.31,		17092.01,		17436.34
641,		15467.31,		17086.64,		17429.63
642,		15467.31,		17082.22,		17424.95
643,		15467.31,		17076.97,		17420.01
644,		15467.31,		17071.34,		17416.84
645,		15467.31,		17068.34,		17407.96
646,		15467.31,		17064.86,		17402.66
647,		15467.31,		17064.27,		17400.60
648,		15467.31,		17063.10,		17398.29
649,		15467.31,		17061.87,		17397.31
650,		15467.31,		17059.24,		17391.74
651,		15467.31,		17052.86,		17386.49
652,		15467.31,		17045.17,		17378.43
653,		15467.31,		17044.06,		17375.38
654,		15467.31,		17042.31,		17374.69
655,		15467.31,		17033.77,		17370.52
656,		15467.31,		17030.61,		17366.78
657,		15467.31,		17027.20,		17359.05
658,		15467.31,		17020.96,		17350.77
659,		15467.31,		17018.49,		17345.76
660,		15467.31,		17014.30,		17341.98
661,		15467.31,		17007.18,		17334.79
662,		15467.31,		16998.73,		17333.08
663,		15467.31,		16994.86,		17330.06
664,		15467.31,		16989.56,		17323.53
665,		15467.31,		16984.49,		17316.85
666,		15467.31,		16980.11,		17313.35
667,		15467.31,		16978.35,		17310.61
668,		15467.31,		16974.81,		17303.64
669,		15467.31,		16971.83,		17299.71
670,		15467.31,		16967.46,		17296.38
671,		15467.31,		16965.62,		17292.07
672,		15467.31,		16959.00,		17287.04
673,		15467.31,		16958.62,		17286.75
674,		15467.31,		16957.17,		17285.04
675,		15467.31,		16951.84,		17281.02
676,		15467.31,		16949.99,		17277.39
677,		15467.31,		16944.95,		17273.67
678,		15467.31,		16942.70,		17267.24
679,		15467.31,		16937.74,		17262.91
680,		15467.31,		16935.86,		17258.90
681,		15467.31,		16934.27,		17255.66
682,		15467.31,		16922.94,		17242.29
683,		15467.31,		16918.62,		17237.63
684,		15467.31,		16916.49,		17235.90
685,		15467.31,		16910.36,		17231.53
686,		15467.31,		16907.43,		17226.31
687,		15467.31,		16906.94,		17225.23
688,		15467.31,		16902.23,		17221.12
689,		15467.31,		16896.65,		17213.00
690,		15467.31,		16892.91,		17205.69
691,		15467.31,		16889.36,		17203.87
692,		15467.31,		16881.94,		17199.55
693,		15467.31,		16879.48,		17196.25
694,		15467.31,		16874.64,		17187.77
695,		15467.31,		16869.56,		17180.91
696,		15467.31,		16867.78,		17175.06
697,		15467.31,		16864.75,		17172.98
698,		15467.31,		16861.80,		17170.20
699,		15467.31,		16859.00,		17167.69
700,		15467.31,		16855.73,		17164.28
701,		15467.31,		16854.69,		17157.09
702,		15467.31,		16848.04,		17150.64
703,		15467.31,		16845.15,		17146.48
704,		15467.31,		16844.43,		17145.46
705,		15467.31,		16842.80,		17141.42
706,		15467.31,		16839.70,		17139.11
707,		15467.31,		16835.61,		17133.21
708,		15467.31,		16835.58,		17132.59
709,		15467.31,		16835.45,		17131.31
710,		15467.31,		16831.24,		17130.43
711,		15467.31,		16829.65,		17126.63
712,		15467.31,		16826.75,		17125.93
713,		15467.31,		16820.48,		17120.11
714,		15467.31,		16813.82,		17116.02
715,		15467.31,		16811.55,		17114.29
716,		15467.31,		16808.83,		17112.09
717,		15467.31,		16808.52,		17109.53
718,		15467.31,		16802.26,		17105.31
719,		15467.31,		16802.23,		17103.18
720,		15467.31,		16801.85,		17102.11
721,		15467.31,		16796.60,		17095.04
722,		15467.31,		16795.09,		17094.67
723,		15467.31,		16790.41,		17090.51
724,		15467.31,		16787.82,		17084.12
725,		15467.31,		16786.80,		17079.87
726,		15467.31,		16780.45,		17077.55
727,		15467.31,		16776.95,		17074.12
728,		15467.31,		16775.20,		17072.42
729,		15467.31,		16767.50,		17067.53
730,		15467.31,		16765.98,		17065.29
731,		15467.31,		16761.81,		17061.89
732,		15467.31,		16757.92,		17057.30
733,		15467.31,		16755.20,		17050.50
734,		15467.31,		16751.71,		17049.87
735,		15467.31,		16747.15,		17046.46
736,		15467.31,		16743.54,		17040.47
737,		15467.31,		16737.17,		17036.68
738,		15467.31,		16731.17,		17033.78
739,		15467.31,		16727.07,		17031.16
740,		15467.31,		16724.16,		17028.13
741,		15467.31,		16719.24,		17023.15
742,		15467.31,		16715.53,		17020.13
743,		15467.31,		16714.94,		17018.86
744,		15467.31,		16710.49,		17015.20
745,		15467.31,		16708.51,		17013.76
746,		15467.31,		16706.22,		17010.05
747,		15467.31,		16699.39,		17005.37
748,		15467.31,		16693.69,		16998.28
749,		15467.31,		16692.06,		16994.22
750,		15467.31,		16687.35,		16988.69
751,		15467.31,		16681.93,		16983.21
752,		15467.31,		16680.83,		16981.83
753,		15467.31,		16679.71,		16975.71
754,		15467.31,		16676.86,		16972.41
755,		15467.31,		16673.97,		16970.39
756,		15467.31,		16671.67,		16970.34
757,		15467.31,		16669.74,		16967.15
758,		15467.31,		16668.98,		16965.24
759,		15467.31,		16666.48,		16961.51
760,		15467.31,		16659.85,		16958.36
761,		15467.31,		16657.46,		16955.00
762,		15467.31,		16655.75,		16952.17
763,		15467.31,		16651.87,		16943.95
764,		15467.31,		16649.21,		16938.87
765,		15467.31,		16647.21,		16938.07
766,		15467.31,		16643.39,		16935.35
767,		15467.31,		16642.52,		16933.34
768,		15467.31,		16640.22,		16932.24
769,		15467.31,		16639.37,		16930.45
770,		15467.31,		16637.50,		16928.54
771,		15467.31,		16635.48,		16925.64
772,		15467.31,		16633.26,		16925.19
773,		15467.31,		16631.75,		16924.31
774,		15467.31,		16625.54,		16921.32
775,		15467.31,		16622.83,		16918.90
776,		15467.31,		16617.84,		16914.10
777,		15467.31,		16615.87,		16910.28
778,		15467.31,		16613.29,		16908.79
779,		15467.31,		16608.88,		16907.16
780,		15467.31,		16608.41,		16905.27
781,		15467.31,		16604.29,		16902.53
782,		15467.31,		16600.59,		16898.66
783,		15467.31,		16598.73,		16896.10
784,		15467.31,		16596.52,		16892.27
785,		15467.31,		16593.82,		16888.17
786,		15467.31,		16587.41,		16884.66
787,		15467.31,		16586.89,		16881.89
788,		15467.31,		16586.89,		16881.89
789,		15467.31,		16582.69,		16876.88
790,		15466.85,		16579.71,		16876.11
791,		15466.85,		16575.87,		16873.10
792,		15466.85,		16572.20,		16871.53
793,		15466.85,		16566.96,		16868.48
794,		15466.85,		16562.66,		16866.61
795,		15466.85,		16558.54,		16857.26
796,		15466.85,		16553.04,		16845.53
797,		15466.85,		16550.93,		16844.56
798,		15466.85,		16550.09,		16841.80
799,		15466.85,		16549.04,		16840.98
800,		15466.85,		16544.63,		16838.50
801,		15466.85,		16540.91,		16834.21
802,		15466.85,		16538.87,		16830.05
803,		15466.85,		16536.47,		16825.26
804,		15466.85,		16533.34,		16823.22
805,		15466.85,		16532.51,		16821.94
806,		15466.85,		16526.63,		16816.93
807,		15466.85,		16523.58,		16813.09
808,		15466.85,		16522.76,		16812.64
809,		15466.85,		16522.28,		16811.98
810,		15466.85,		16521.44,		16808.71
811,		15466.85,		16519.21,		16804.52
812,		15466.85,		16516.72,		16800.19
813,		15466.85,		16514.76,		16799.36
814,		15466.85,		16514.35,		16798.70
815,		15466.85,		16512.75,		16795.17
816,		15466.85,		16510.92,		16791.52
817,		15086.67,		16506.68,		16790.90
818,		15086.67,		16505.18,		16790.00
819,		15086.67,		16504.41,		16788.81
820,		15086.67,		16504.01,		16787.61
821,		15086.67,		16503.73,		16787.53
822,		15086.67,		16502.75,		16784.70
823,		15086.67,		16501.04,		16783.53
824,		15086.67,		16498.96,		16780.82
825,		15086.67,		16497.17,		16778.19
826,		15086.67,		16495.91,		16776.64
827,		15086.67,		16495.28,		16774.40
828,		15086.67,		16492.52,		16769.72
829,		15086.67,		16489.90,		16767.45
830,		15086.67,		16486.89,		16765.15
831,		15086.67,		16483.69,		16764.23
832,		15086.67,		16481.03,		16760.41
833,		15086.67,		16477.75,		16758.58
834,		15086.67,		16476.80,		16754.14
835,		15086.67,		16474.60,		16752.97
836,		15086.67,		16473.03,		16750.25
837,		15086.67,		16471.85,		16747.43
838,		15086.67,		16471.00,		16745.97
839,		15086.67,		16468.48,		16744.11
840,		15086.67,		16467.71,		16740.66
841,		15086.67,		16467.30,		16738.96
842,		15086.67,		16466.84,		16738.93
843,		15086.67,		16464.99,		16736.50
844,		15086.67,		16464.76,		16736.25
845,		15086.67,		16463.18,		16732.86
846,		15086.67,		16461.95,		16732.05
847,		15086.67,		16458.34,		16729.12
848,		15086.67,		16457.23,		16726.61
849,		15086.67,		16452.36,		16723.26
850,		15086.67,		16450.36,		16721.91
851,		15086.67,		16448.25,		16720.10
852,		15086.67,		16444.05,		16717.28
853,		15086.67,		16441.30,		16714.48
854,		15086.67,		16440.54,		16713.30
855,		15086.67,		16436.82,		16710.16
856,		15086.67,		16434.53,		16706.45
857,		15086.67,		16431.69,		16703.24
858,		15086.67,		16428.21,		16700.41
859,		15086.67,		16425.54,		16699.64
860,		15086.67,		16423.20,		16698.63
861,		15086.67,		16420.64,		16695.79
862,		15086.67,		16417.51,		16691.87
863,		15086.67,		16414.80,		16686.42
864,		15086.67,		16412.82,		16685.32
865,		15086.67,		16411.83,		16683.49
866,		15086.67,		16408.29,		16681.23
867,		15086.67,		16405.73,		16680.86
868,		15086.67,		16404.41,		16677.25
869,		15086.67,		16397.21,		16667.68
870,		15086.67,		16395.79,		16662.41
871,		15086.67,		16394.64,		16661.66
872,		15086.67,		16392.00,		16659.10
873,		15086.67,		16389.23,		16657.20
874,		15086.67,		16386.12,		16655.69
875,		15086.67,		16384.86,		16652.82
876,		15086.67,		16381.98,		16649.11
877,		15086.67,		16377.85,		16647.00
878,		15086.67,		16377.48,		16646.64
879,		15086.67,		16376.44,		16646.58
880,		15086.67,		16375.18,		16646.41
881,		15086.67,		16370.07,		16641.84
882,		15086.67,		16366.40,		16639.70
883,		15086.67,		16366.04,		16639.12
884,		15086.67,		16364.11,		16638.59
885,		15086.67,		16360.41,		16636.90
886,		15086.67,		16358.33,		16633.02
887,		15086.67,		16358.28,		16633.02
888,		15086.67,		16358.18,		16632.61
889,		15086.67,		16356.11,		16632.28
890,		15086.67,		16354.73,		16629.13
891,		15086.67,		16353.20,		16623.29
892,		15086.67,		16352.24,		16622.40
893,		15086.67,		16346.21,		16620.77
894,		15086.67,		16345.89,		16620.06
895,		15086.67,		16343.63,		16618.75
896,		15086.67,		16341.09,		16617.00
897,		15086.67,		16337.43,		16616.55
898,		15086.67,		16332.60,		16611.39
899,		15086.67,		16327.16,		16609.89
900,		15086.67,		16326.26,		16607.79
901,		15086.67,		16323.47,		16606.70
902,		15086.67,		16319.32,		16605.27
903,		15086.67,		16317.10,		16603.59
904,		15086.67,		16315.63,		16600.29
905,		15086.67,		16313.97,		16598.96
906,		15086.67,		16310.60,		16597.40
907,		15086.67,		16309.06,		16596.92
908,		15086.67,		16307.36,		16594.87
909,		15086.67,		16304.87,		16591.80
910,		15086.67,		16301.78,		16588.71
911,		15086.67,		16296.37,		16584.17
912,		15086.67,		16294.28,		16582.19
913,		15086.67,		16292.17,		16579.40
914,		15086.67,		16289.38,		16579.21
915,		15086.67,		16285.77,		16575.17
916,		15086.67,		16284.22,		16573.69
917,		15086.67,		16283.39,		16572.53
918,		15086.67,		16283.17,		16572.30
919,		15086.67,		16282.19,		16570.30
920,		15086.67,		16280.77,		16568.19
921,		15086.67,		16278.00,		16567.04
922,		15086.67,		16275.61,		16564.19
923,		15086.67,		16275.54,		16563.78
924,		15086.67,		16270.94,		16557.30
925,		15086.67,		16268.38,		16555.05
926,		15086.67,		16266.94,		16551.66
927,		15086.67,		16266.02,		16550.13
928,		15086.67,		16263.96,		16548.17
929,		15086.67,		16262.75,		16545.89
930,		15086.67,		16261.54,		16542.68
931,		15086.67,		16259.55,		16539.16
932,		15086.67,		16256.43,		16538.06
933,		15086.67,		16255.48,		16537.89
934,		15086.67,		16252.94,		16535.05
935,		15086.67,		16251.62,		16533.91
936,		15086.67,		16249.80,		16531.35
937,		15086.67,		16247.25,		16530.80
938,		15086.67,		16247.16,		16530.59
939,		15086.67,		16243.27,		16523.13
940,		15086.67,		16240.04,		16522.11
941,		15086.67,		16236.50,		16519.26
942,		15086.67,		16234.71,		16516.82
943,		15086.67,		16233.19,		16515.57
944,		15086.67,		16231.65,		16513.14
945,		15086.67,		16225.34,		16508.28
946,		15086.67,		16223.36,		16507.12
947,		15086.67,		16220.22,		16503.74
948,		15086.67,		16220.07,		16503.19
949,		15086.67,		16219.80,		16502.60
950,		15086.67,		16219.15,		16499.55
951,		15086.67,		16218.04,		16496.38
952,		14629.82,		16213.99,		16495.20
953,		14629.82,		16213.00,		16494.60
954,		14629.82,		16209.71,		16492.45
955,		14629.82,		16208.95,		16492.06
956,		14629.82,		16206.04,		16488.07
957,		14629.82,		16205.15,		16486.51
958,		14629.82,		16203.65,		16481.69
959,		14629.82,		16201.67,		16478.23
960,		14629.82,		16200.01,		16476.86
961,		14629.82,		16199.61,		16476.45
962,		14629.82,		16197.78,		16474.57
963,		14629.82,		16195.05,		16470.68
964,		14629.82,		16193.80,		16468.37
965,		14629.82,		16190.70,		16462.40
966,		14629.82,		16189.15,		16459.87
967,		14629.82,		16187.18,		16456.50
968,		14629.82,		16185.82,		16454.86
969,		14629.82,		16183.24,		16453.01
970,		14629.82,		16175.05,		16443.79
971,		14629.82,		16175.05,		16443.79
972,		14629.82,		16172.26,		16443.19
973,		14629.82,		16168.45,		16442.89
974,		14629.82,		16166.46,		16441.94
975,		14629.82,		16163.47,		16440.02
976,		14629.82,		16161.50,		16437.65
977,		14629.82,		16154.73,		16432.47
978,		14629.82,		16153.93,		16432.03
979,		14629.82,		16153.12,		16431.98
980,		14629.82,		16148.22,		16429.05
981,		14629.82,		16143.82,		16427.46
982,		14629.82,		16143.30,		16424.96
983,		14629.82,		16141.08,		16422.65
984,		14629.82,		16140.14,		16420.28
985,		14629.82,		16137.02,		16417.18
986,		14629.82,		16135.68,		16416.16
987,		14629.82,		16135.25,		16415.66
988,		14629.82,		16132.09,		16414.31
989,		14629.82,		16132.03,		16413.88
990,		14629.82,		16129.52,		16411.00
991,		14629.82,		16128.21,		16408.25
992,		14629.82,		16125.75,		16404.76
993,		14629.82,		16125.41,		16402.96
994,		14629.82,		16124.11,		16402.79
995,		14629.82,		16122.35,		16399.79
996,		14629.82,		16119.77,		16396.04
997,		14629.82,		16118.18,		16395.01
998,		14629.82,		16115.82,		16392.25
999,		14629.82,		16114.68,		16390.07
1000,		14629.82,		16110.08,		16386.48
1001,		14629.82,		16108.99,		16384.74
1002,		14629.82,		16108.27,		16382.44
1003,		14629.82,		16105.49,		16382.03
1004,		14629.82,		16103.94,		16381.86
1005,		14629.82,		16102.32,		16381.38
1006,		14629.82,		16101.96,		16380.41
1007,		14629.82,		16100.69,		16377.39
1008,		14629.82,		16099.55,		16375.33
1009,		14629.82,		16097.18,		16372.81
1010,		14629.82,		16094.88,		16371.00
1011,		14629.82,		16094.47,		16370.59
1012,		14629.82,		16090.87,		16367.24
1013,		14629.82,		16087.94,		16362.43
1014,		14629.82,		16087.47,		16361.50
1015,		14629.82,		16085.73,		16359.92
1016,		14629.82,		16084.90,		16359.35
1017,		14629.82,		16083.26,		16356.72
1018,		14629.82,		16081.41,		16354.00
1019,		14629.82,		16081.18,		16353.11
1020,		14629.82,		16080.46,		16351.94
1021,		14629.82,		16079.08,		16351.67
1022,		14629.82,		16076.70,		16349.92
1023,		14629.82,		16076.13,		16349.06
1024,		14629.82,		16075.58,		16346.89
1025,		14629.82,		16074.55,		16346.14
1026,		14629.82,		16073.56,		16345.71
1027,		14629.82,		16073.56,		16345.71
1028,		14629.82,		16073.22,		16343.90
1029,		14629.82,		16069.32,		16343.37
1030,		14629.82,		16066.47,		16340.79
1031,		14629.82,		16062.60,		16339.71
1032,		14629.82,		16058.77,		16337.08
1033,		14629.82,		16058.77,		16337.08
1034,		14629.82,		16058.11,		16336.10
1035,		14629.82,		16056.59,		16334.07
1036,		14629.82,		16054.82,		16330.24
1037,		14629.82,		16052.96,		16325.91
1038,		14629.82,		16051.16,		16324.97
1039,		14629.82,		16049.42,		16322.14
1040,		14629.82,		16047.67,		16320.54
1041,		14629.82,		16044.77,		16315.43
1042,		14629.82,		16041.65,		16309.32
1043,		14629.82,		16040.08,		16308.33
1044,		14629.82,		16036.65,		16305.71
1045,		14629.82,		16034.93,		16301.94
1046,		14629.82,		16034.69,		16298.73
1047,		14629.82,		16031.81,		16296.12
1048,		14629.82,		16030.58,		16293.37
1049,		14629.82,		16027.02,		16290.27
1050,		14629.82,		16026.73,		16289.67
1051,		14629.82,		16023.03,		16284.71
1052,		14629.82,		16019.18,		16281.12
1053,		14629.82,		16013.44,		16276.23
1054,		14380.07,		16008.57,		16270.95
1055,		14380.07,		16008.15,		16270.79
1056,		14380.07,		16007.88,		16270.33
1057,		14380.07,		16007.37,		16269.57
1058,		14380.07,		16006.77,		16267.42
1059,		14380.07,		16005.49,		16264.85
1060,		14380.07,		16004.79,		16263.30
1061,		14380.07,		15999.74,		16258.10
1062,		14380.07,		15997.18,		16256.71
1063,		14380.07,		15995.13,		16254.73
1064,		14380.07,		15994.31,		16252.53
1065,		14380.07,		15992.42,		16251.22
1066,		14380.07,		15992.25,		16250.65
1067,		14380.07,		15990.31,		16249.25
1068,		14380.07,		15987.03,		16248.69
1069,		14380.07,		15986.09,		16243.28
1070,		14380.07,		15984.14,		16241.55
1071,		14380.07,		15981.04,		16239.13
1072,		14380.07,		15976.96,		16237.84
1073,		14380.07,		15968.41,		16233.25
1074,		14380.07,		15967.37,		16232.35
1075,		14380.07,		15964.15,		16227.23
1076,		14380.07,		15963.32,		16225.87
1077,		14380.07,		15961.77,		16225.11
1078,		14380.07,		15959.67,		16222.69
1079,		14380.07,		15957.68,		16221.05
1080,		14380.07,		15956.28,		16220.14
1081,		14380.07,		15951.59,		16214.64
1082,		14380.07,		15951.04,		16213.60
1083,		14380.07,		15947.71,		16210.28
1084,		14380.07,		15943.74,		16209.89
1085,		14380.07,		15941.53,		16209.06
1086,		14380.07,		15939.37,		16206.71
1087,		14380.07,		15938.00,		16204.51
1088,		14380.07,		15935.77,		16201.99
1089,		14380.07,		15934.53,		16199.06
1090,		14380.07,		15933.91,		16197.03
1091,		14380.07,		15930.71,		16196.11
1092,		14380.07,		15927.84,		16194.11
1093,		14380.07,		15925.87,		16192.11
1094,		14380.07,		15925.00,		16191.57
1095,		14380.07,		15924.05,		16189.63
1096,		14380.07,		15920.80,		16188.36
1097,		14380.07,		15918.63,		16185.34
1098,		14380.07,		15918.20,		16182.71
1099,		14380.07,		15915.22,		16178.37
1100,		14380.07,		15911.44,		16175.85
1101,		14380.07,		15907.17,		16173.31
1102,		14380.07,		15904.79,		16172.79
1103,		14380.07,		15902.19,		16171.78
1104,		14380.07,		15901.85,		16170.50
1105,		14380.07,		15894.66,		16164.86
1106,		14380.07,		15887.54,		16159.61
1107,		14380.07,		15886.47,		16159.40
1108,		14380.07,		15879.54,		16153.23
1109,		14380.07,		15877.62,		16151.12
1110,		14380.07,		15876.07,		16147.85
1111,		14380.07,		15873.88,		16144.93
1112,		14380.07,		15871.37,		16144.71
1113,		14380.07,		15868.71,		16141.06
1114,		14380.07,		15868.63,		16140.84
1115,		14380.07,		15866.16,		16138.13
1116,		14380.07,		15865.64,		16135.09
1117,		14380.07,		15864.46,		16134.47
1118,		14380.07,		15861.95,		16131.17
1119,		14380.07,		15861.61,		16130.80
1120,		14380.07,		15860.38,		16128.54
1121,		14380.07,		15857.54,		16126.97
1122,		14380.07,		15855.77,		16125.99
1123,		14380.07,		15853.58,		16124.97
1124,		14380.07,		15851.69,		16122.90
1125,		14380.07,		15849.40,		16121.85
1126,		14380.07,		15847.98,		16120.66
1127,		14380.07,		15846.16,		16119.68
1128,		14380.07,		15845.14,		16119.54
1129,		14380.07,		15844.07,		16117.12
1130,		14380.07,		15843.43,		16116.25
1131,		14380.07,		15842.82,		16114.74
1132,		14380.07,		15839.57,		16113.09
1133,		14380.07,		15834.90,		16109.65
1134,		14380.07,		15832.49,		16105.34
1135,		14380.07,		15831.02,		16104.18
1136,		14380.07,		15827.98,		16103.57
1137,		14380.07,		15824.82,		16101.56
1138,		14380.07,		15824.23,		16100.82
1139,		14380.07,		15822.38,		16099.39
1140,		14380.07,		15822.09,		16096.93
1141,		14380.07,		15820.54,		16095.99
1142,		14380.07,		15818.71,		16093.02
1143,		14380.07,		15815.52,		16089.79
1144,		14380.07,		15812.52,		16088.27
1145,		14380.07,		15811.17,		16086.62
1146,		14380.07,		15809.69,		16083.68
1147,		14380.07,		15808.38,		16083.51
1148,		14380.07,		15804.61,		16081.42
1149,		14380.07,		15802.00,		16079.73
1150,		14380.07,		15802.00,		16079.73
1151,		14380.07,		15799.45,		16079.22
1152,		14380.07,		15795.88,		16076.66
1153,		14380.07,		15795.16,		16074.93
1154,		14380.07,		15794.14,		16073.07
1155,		14380.07,		15793.08,		16071.67
1156,		14380.07,		15791.32,		16067.70
1157,		14380.07,		15790.60,		16066.92
1158,		14380.07,		15789.24,		16066.31
1159,		14380.07,		15786.83,		16066.01
1160,		14380.07,		15785.23,		16062.59
1161,		14380.07,		15782.08,		16060.18
1162,		14380.07,		15778.57,		16055.59
1163,		14380.07,		15777.00,		16055.37
1164,		14380.07,		15775.50,		16051.56
1165,		14380.07,		15772.25,		16046.56
1166,		14380.07,		15768.98,		16042.11
1167,		14380.07,		15768.77,		16039.99
1168,		14380.07,		15765.64,		16037.93
1169,		14380.07,		15762.14,		16033.58
1170,		14380.07,		15756.38,		16029.88
1171,		14380.07,		15754.57,		16027.30
1172,		14380.07,		15754.57,		16027.30
1173,		14380.07,		15751.03,		16023.77
1174,		14380.07,		15749.11,		16021.08
1175,		14380.07,		15743.76,		16016.65
1176,		14380.07,		15740.46,		16013.53
1177,		14380.07,		15739.20,		16012.12
1178,		14380.07,		15737.04,		16010.56
1179,		14380.07,		15737.04,		16010.56
1180,		14380.07,		15732.45,		16005.83
1181,		14380.07,		15729.26,		16003.69
1182,		14380.07,		15726.91,		16002.66
1183,		14380.07,		15726.70,		16002.50
1184,		14380.07,		15726.43,		16002.25
1185,		14380.07,		15725.25,		15997.38
1186,		14380.07,		15723.60,		15996.52
1187,		14380.07,		15721.18,		15993.70
1188,		14380.07,		15718.60,		15993.17
1189,		14380.07,		15717.76,		15990.97
1190,		14380.07,		15715.61,		15990.43
1191,		14380.07,		15713.09,		15986.83
1192,		14380.07,		15713.09,		15986.83
1193,		14380.07,		15709.26,		15982.85
1194,		14380.07,		15707.45,		15980.82
1195,		14380.07,		15706.76,		15979.79
1196,		14380.07,		15706.22,		15978.09
1197,		14380.07,		15703.53,		15977.82
1198,		14380.07,		15703.09,		15975.17
1199,		14380.07,		15701.85,		15972.70
1200,		14380.07,		15701.64,		15972.56
1201,		14380.07,		15700.25,		15971.63
1202,		14380.07,		15698.24,		15969.19
1203,		14380.07,		15695.59,		15965.95
1204,		14380.07,		15693.69,		15965.02
1205,		14380.07,		15693.69,		15965.02
1206,		14380.07,		15693.64,		15964.88
1207,		14380.07,		15693.03,		15963.63
1208,		14380.07,		15692.61,		15960.54
1209,		14380.07,		15690.56,		15955.22
1210,		14380.07,		15690.15,		15954.91
1211,		14380.07,		15689.92,		15954.11
1212,		14380.07,		15689.57,		15951.83
1213,		14380.07,		15688.43,		15949.78
1214,		14380.07,		15685.12,		15946.77
1215,		14380.07,		15685.11,		15946.09
1216,		14222.51,		15680.74,		15943.75
1217,		14222.51,		15680.36,		15943.17
1218,		14222.51,		15679.35,		15942.74
1219,		14216.15,		15673.57,		15940.92
1220,		14216.15,		15672.16,		15939.34
1221,		14216.15,		15671.38,		15937.28
1222,		14216.15,		15671.15,		15935.93
1223,		14216.15,		15670.41,		15934.19
1224,		14216.15,		15665.83,		15933.37
1225,		14216.15,		15663.96,		15931.89
1226,		14216.15,		15663.43,		15929.85
1227,		14216.15,		15663.43,		15929.85
1228,		14216.15,		15663.13,		15929.67
1229,		14216.15,		15661.96,		15928.14
1230,		14216.15,		15659.03,		15927.70
1231,		14216.15,		15657.74,		15926.46
1232,		14216.15,		15657.74,		15926.46
1233,		14216.15,		15652.89,		15924.91
1234,		14216.15,		15651.93,		15923.01
1235,		14216.15,		15651.43,		15922.15
1236,		14216.15,		15651.17,		15922.10
1237,		14216.15,		15649.01,		15921.01
1238,		14216.15,		15644.68,		15914.63
1239,		14216.15,		15644.68,		15914.63
1240,		14216.15,		15642.33,		15913.40
1241,		14216.15,		15638.66,		15911.25
1242,		14216.15,		15638.53,		15911.04
1243,		14216.15,		15638.53,		15911.04
1244,		14216.15,		15635.12,		15909.62
1245,		14216.15,		15632.87,		15906.40
1246,		14216.15,		15630.67,		15905.70
1247,		14216.15,		15629.28,		15905.68
1248,		14216.15,		15626.17,		15904.02
1249,		14216.15,		15625.40,		15901.16
1250,		14216.15,		15625.11,		15901.06
1251,		14216.15,		15622.55,		15900.17
1252,		14216.15,		15619.36,		15899.18
1253,		14216.15,		15613.91,		15897.88
1254,		14174.13,		15610.40,		15897.36
1255,		14174.13,		15607.42,		15892.25
1256,		14174.13,		15602.87,		15890.46
1257,		14174.13,		15601.53,		15889.66
1258,		14174.13,		15599.12,		15888.98
1259,		14174.13,		15597.78,		15888.52
1260,		14174.13,		15597.78,		15888.52
1261,		14174.13,		15597.22,		15887.34
1262,		14174.13,		15595.99,		15885.95
1263,		14174.13,		15593.95,		15884.34
1264,		14174.13,		15590.82,		15880.76
1265,		14174.13,		15588.43,		15880.11
1266,		14174.13,		15585.20,		15876.88
1267,		14174.13,		15584.49,		15876.83
1268,		14174.13,		15582.39,		15873.89
1269,		14174.13,		15582.31,		15871.77
1270,		14174.13,		15581.87,		15870.83
1271,		14174.13,		15580.30,		15867.14
1272,		14174.13,		15580.30,		15867.14
1273,		14174.13,		15578.02,		15865.61
1274,		14174.13,		15576.74,		15865.35
1275,		14174.13,		15576.71,		15863.70
1276,		14174.13,		15571.18,		15857.75
1277,		14174.13,		15569.46,		15855.33
1278,		14174.13,		15566.92,		15853.31
1279,		14174.13,		15562.74,		15848.08
1280,		14174.13,		15561.63,		15847.90
1281,		14174.13,		15561.45,		15847.31
1282,		14174.13,		15561.45,		15847.31
1283,		14174.13,		15561.16,		15846.60
1284,		14174.13,		15557.20,		15845.78
1285,		14174.13,		15554.07,		15842.82
1286,		14174.13,		15552.16,		15840.59
1287,		14174.13,		15548.89,		15838.84
1288,		14174.13,		15546.65,		15837.92
1289,		14174.13,		15545.65,		15836.45
1290,		14174.13,		15544.16,		15834.50
1291,		14174.13,		15543.54,		15833.68
1292,		14174.13,		15542.27,		15831.74
1293,		14174.13,		15538.88,		15825.38
1294,		14174.13,		15535.04,		15823.78
1295,		14174.13,		15532.38,		15821.28
1296,		14174.13,		15531.93,		15820.20
1297,		14174.13,		15528.34,		15818.35
1298,		14174.13,		15527.78,		15815.44
1299,		14174.13,		15526.79,		15814.19
1300,		14174.13,		15524.48,		15813.58
1301,		14174.13,		15524.22,		15813.17
1302,		14174.13,		15523.28,		15812.68
1303,		14174.13,		15521.51,		15812.34
1304,		14174.13,		15521.17,		15812.08
1305,		14174.13,		15519.71,		15811.14
1306,		14174.13,		15516.73,		15809.10
1307,		14174.13,		15515.11,		15807.85
1308,		14174.13,		15515.10,		15807.63
1309,		14174.13,		15514.59,		15805.94
1310,		14174.13,		15513.12,		15805.15
1311,		14174.13,		15508.99,		15803.67
1312,		14174.13,		15508.23,		15803.57
1313,		14174.13,		15504.00,		15799.29
1314,		14174.13,		15500.50,		15794.11
1315,		14174.13,		15499.70,		15793.87
1316,		14174.13,		15495.15,		15791.24
1317,		14174.13,		15493.24,		15788.32
1318,		14174.13,		15489.69,		15786.75
1319,		14148.33,		15483.53,		15783.61
1320,		14148.33,		15482.48,		15783.13
1321,		14148.33,		15479.66,		15780.22
1322,		14148.33,		15475.26,		15777.94
1323,		14148.33,		15474.22,		15776.55
1324,		14148.33,		15472.75,		15773.26
1325,		14148.33,		15468.26,		15771.49
1326,		14148.33,		15464.29,		15768.08
1327,		14148.33,		15463.59,		15766.34
1328,		14148.33,		15462.31,		15765.91
1329,		14148.33,		15460.78,		15762.23
1330,		14148.33,		15459.68,		15760.94
1331,		14148.33,		15458.57,		15759.92
1332,		14148.33,		15455.66,		15755.81
1333,		14148.33,		15452.52,		15753.03
1334,		14148.33,		15448.93,		15750.76
1335,		14148.33,		15447.23,		15750.08
1336,		14148.33,		15444.33,		15749.01
1337,		14148.33,		15443.24,		15745.10
1338,		14148.33,		15440.90,		15741.29
1339,		14148.33,		15438.03,		15737.56
1340,		14148.33,		15435.62,		15734.43
1341,		14148.33,		15435.09,		15731.99
1342,		14148.33,		15434.07,		15731.50
1343,		14148.33,		15431.20,		15728.80
1344,		14148.33,		15427.54,		15724.30
1345,		14148.33,		15424.95,		15717.97
1346,		14148.33,		15424.62,		15717.97
1347,		14148.33,		15422.69,		15714.92
1348,		14148.33,		15422.08,		15714.24
1349,		14148.33,		15420.94,		15713.79
1350,		14148.33,		15418.48,		15711.87
1351,		14148.33,		15418.28,		15710.63
1352,		14148.33,		15415.76,		15709.47
1353,		14148.33,		15415.53,		15708.56
1354,		14148.33,		15413.29,		15705.32
1355,		14148.33,		15411.81,		15703.01
1356,		14148.33,		15409.96,		15701.90
1357,		14148.33,		15405.96,		15700.37
1358,		14148.33,		15405.96,		15700.37
1359,		14148.33,		15402.89,		15696.86
1360,		14148.33,		15402.89,		15696.86
1361,		14148.33,		15402.35,		15695.08
1362,		14148.33,		15401.67,		15692.86
1363,		14148.33,		15401.39,		15692.71
1364,		14148.33,		15398.39,		15691.88
1365,		14148.33,		15398.39,		15691.88
1366,		14148.33,		15398.03,		15691.79
1367,		14148.33,		15397.24,		15690.83
1368,		14148.33,		15396.42,		15689.81
1369,		14148.33,		15394.62,		15687.04
1370,		14148.33,		15393.46,		15685.17
1371,		14148.33,		15391.83,		15684.18
1372,		14148.33,		15391.74,		15684.11
1373,		14148.33,		15388.72,		15681.95
1374,		14148.33,		15387.34,		15680.97
1375,		14148.33,		15385.40,		15680.86
1376,		14148.33,		15382.97,		15674.62
1377,		14148.33,		15379.79,		15673.18
1378,		14148.33,		15378.32,		15671.18
1379,		14148.33,		15377.01,		15669.62
1380,		14148.33,		15376.49,		15668.09
1381,		14148.33,		15375.41,		15665.43
1382,		14148.33,		15375.28,		15664.94
1383,		14148.33,		15374.76,		15663.10
1384,		14148.33,		15372.89,		15660.25
1385,		14148.33,		15370.40,		15657.45
1386,		14148.33,		15369.03,		15656.69
1387,		14148.33,		15367.51,		15656.29
1388,		14148.33,		15363.57,		15653.15
1389,		14148.33,		15362.38,		15651.91
1390,		14148.33,		15362.24,		15651.53
1391,		14148.33,		15361.70,		15650.66
1392,		14148.33,		15361.40,		15650.41
1393,		14148.33,		15359.96,		15647.48
1394,		14148.33,		15359.89,		15646.94
1395,		14148.33,		15357.71,		15642.89
1396,		14148.33,		15352.65,		15634.39
1397,		14148.33,		15349.81,		15631.36
1398,		14148.33,		15348.88,		15630.01
1399,		14148.33,		15345.72,		15627.55
1400,		14148.33,		15343.38,		15626.58
1401,		14148.33,		15341.86,		15622.80
1402,		14148.33,		15340.02,		15622.28
1403,		14148.33,		15337.80,		15620.22
1404,		14148.33,		15332.62,		15617.83
1405,		14148.33,		15332.62,		15617.83
1406,		14148.33,		15330.91,		15615.73
1407,		14148.33,		15328.77,		15615.06
1408,		14148.33,		15325.38,		15612.37
1409,		14148.33,		15323.86,		15610.02
1410,		14148.33,		15319.07,		15604.71
1411,		14148.33,		15318.10,		15603.37
1412,		14148.33,		15313.61,		15598.96
1413,		14148.33,		15312.11,		15596.54
1414,		14148.33,		15311.28,		15596.17
1415,		14148.33,		15309.94,		15596.10
1416,		14148.33,		15308.68,		15594.63
1417,		14148.33,		15308.01,		15593.90
1418,		14148.33,		15306.03,		15590.78
1419,		14148.33,		15304.02,		15590.62
1420,		14148.33,		15301.05,		15588.74
1421,		14148.33,		15299.35,		15588.52
1422,		14148.33,		15298.94,		15587.56
1423,		14148.33,		15298.23,		15587.31
1424,		14148.33,		15297.39,		15586.08
1425,		14148.33,		15294.76,		15584.62
1426,		14148.33,		15290.59,		15578.00
1427,		14148.33,		15290.45,		15577.57
1428,		14148.33,		15289.14,		15574.48
1429,		14148.33,		15288.85,		15573.34
1430,		14148.33,		15286.79,		15571.68
1431,		14148.33,		15284.42,		15571.18
1432,		14148.33,		15280.78,		15565.87
1433,		14148.33,		15280.06,		15560.61
1434,		14148.33,		15279.14,		15557.80
1435,		14148.33,		15275.21,		15555.98
1436,		14148.33,		15275.03,		15555.50
1437,		14148.33,		15274.60,		15553.89
1438,		14148.33,		15272.03,		15552.44
1439,		14148.33,		15269.89,		15550.91
1440,		14148.33,		15265.95,		15548.58
1441,		14148.33,		15265.85,		15547.58
1442,		14005.73,		15262.16,		15543.76
1443,		14005.73,		15262.04,		15543.61
1444,		14005.73,		15261.68,		15543.61
1445,		14005.73,		15259.83,		15540.66
1446,		14005.73,		15257.22,		15538.69
1447,		14005.73,		15256.99,		15537.47
1448,		14005.73,		15254.39,		15534.81
1449,		14005.73,		15254.13,		15534.76
1450,		14005.73,		15252.36,		15532.95
1451,		14005.73,		15250.12,		15529.83
1452,		14005.73,		15246.95,		15528.84
1453,		14005.73,		15244.94,		15527.35
1454,		14005.73,		15242.88,		15524.87
1455,		14005.73,		15242.27,		15524.14
1456,		14005.73,		15241.69,		15524.11
1457,		14005.73,		15240.22,		15522.33
1458,		14005.73,		15240.17,		15522.15
1459,		14005.73,		15240.01,		15522.15
1460,		14005.73,		15240.01,		15522.15
1461,		14005.73,		15237.64,		15521.61
1462,		14005.73,		15235.46,		15518.34
1463,		14005.73,		15233.20,		15513.14
1464,		14005.73,		15233.19,		15512.73
1465,		14005.73,		15232.14,		15511.12
1466,		14005.73,		15229.82,		15510.24
1467,		14005.73,		15229.56,		15507.98
1468,		14005.73,		15226.87,		15507.40
1469,		14005.73,		15226.45,		15506.94
1470,		14005.73,		15226.02,		15505.69
1471,		14005.73,		15224.82,		15504.94
1472,		14005.73,		15221.50,		15501.19
1473,		14005.73,		15217.57,		15498.05
1474,		14005.73,		15217.46,		15498.05
1475,		14005.73,		15217.46,		15498.05
1476,		14005.73,		15215.22,		15495.56
1477,		14005.73,		15211.95,		15493.50
1478,		14005.73,		15209.50,		15492.62
1479,		14005.73,		15206.49,		15485.27
1480,		14005.73,		15206.47,		15485.12
1481,		14005.73,		15205.29,		15482.31
1482,		14005.73,		15202.96,		15480.62
1483,		14005.73,		15202.05,		15480.53
1484,		14005.73,		15202.05,		15480.53
1485,		14005.73,		15199.69,		15479.16
1486,		14005.73,		15198.79,		15478.15
1487,		14005.73,		15195.99,		15477.31
1488,		14005.73,		15192.75,		15475.27
1489,		14005.73,		15191.03,		15472.09
1490,		14005.73,		15189.84,		15471.76
1491,		13877.97,		15181.68,		15468.26
1492,		13877.97,		15179.44,		15467.31
1493,		13877.97,		15178.29,		15467.31
1494,		13877.97,		15178.29,		15467.31
1495,		13877.97,		15177.39,		15465.43
1496,		13877.97,		15176.71,		15462.94
1497,		13877.97,		15176.67,		15462.91
1498,		13877.97,		15176.67,		15462.91
1499,		13877.97,		15176.52,		15462.38
